0002-478 00 04 35.6579 -47 36 19.633 16.8 1997.4073  17  17 11  15  06  +23  -29  44  95 05 9.99 9.99 0.49  0.26  0.31  0.28 1.6 m
0003-066 00 06 13.8941 -06 23 35.314 17.9 2000.5827  38  38 10  17  05  +18  +20  18  31 03 3.26 2.80 0.00  0.00  0.00  0.00 0.6 m
0007+106 00 10 31.0071 +10 58 29.503 16.0 1998.1784  17  17 50  39  07  +18  -01  59  28 04 0.40 9.99 0.84  0.24  0.12  0.80 1.6 m
0007+171 00 10 33.9943 +17 24 18.674 17.2 2002.9021  41  41 42  38  10  +53  -87  33  80 10 4.16 1.08 0.65  0.19  0.61  0.10 0.6 m
0019+058 00 22 32.4493 +06 08 04.287 18.4 2001.8768  17  17 61  57  08 +120  +17  00  00 01 0.69 0.00 0.00  0.00  0.00  0.00 1.6 m
0047-579 00 49 59.4799 -57 38 27.374 17.2 1996.6557  49  50 25  24  06  +54  -34  62  30 04 9.99 9.99 0.78  0.12  0.76  0.12 1.6 m
0048-097 00 50 41.3121 -09 29 05.197 17.3 2000.5827  29  29 54  55  08  -77  +13  11  32 04 2.33 1.41 0.60  0.37  0.46  0.08 0.6 m
0056-572 00 58 46.5853 -56 59 11.461 18.0 1997.6667  27  27 44  32  06  +32  +09  65  06 03 9.99 9.99 0.90  0.78  0.41  0.18 0.6 m
0056-001 00 59 05.5160 +00 06 51.602 17.7 2000.9277  33  36 21  16  08  +14  -19  18  83 06 4.31 3.21 1.50  1.40  0.29  0.45 1.6 m
0104-408 01 06 45.1056 -40 34 19.933 18.7 1997.6668  72  73 57  56  12  -26  +26  00  00 01 0.56 0.40 0.93  0.87  0.32  0.01 0.6 m
0106+013 01 08 38.7702 +01 35 00.450 17.5 2000.5851  14  14 53  37  12  -12 +133  00  00 01 2.97 1.16 2.19  1.95  0.99  0.04 0.6 m
0109+224 01 12 05.8247 +22 44 38.828 15.4 1999.7964  82  79 60  42  08  +00  +41  14  63 03 1.35 0.81 0.00  0.00  0.00  0.00 0.6 m
0111+021 01 13 43.1454 +02 22 17.295 17.1 2004.0771  30  29 50  40  07  +07  -20  36  42 13 3.07 2.01 1.34  0.96  0.58  0.73 0.6 m
0112-017 01 15 17.1027 -01 27 04.541 17.8 2003.2659  34  34 41  50  08  +40  +36  41  34 14 4.24 0.81 0.43  0.24  0.11  0.34 1.6 m
0113-118 01 16 12.5240 -11 36 15.429 18.2 1997.6612  55  56 50  30  06  +29  +05  90  26 02 3.50 2.06 0.71  0.23  0.46  0.49 0.6 m
0118-272 01 20 31.6591 -27 01 24.720 16.6 2000.0472  24  24 51  56  09  -56  -68  19  43 07 9.99 9.99 0.57  0.20  0.51  0.16 1.6 m
0119+115 01 21 41.5885 +11 49 50.385 18.2 2003.1841  37  37 23  19  13  -95  -28  40  43 04 3.07 2.31 1.98  0.12  1.97  0.17 1.6 m
0131-522 01 33 05.7611 -52 00 03.907 18.3 1997.6614  24  24 57  37  11  -13  +39  17  20 02 9.99 9.99 1.10  0.07  0.36  1.04 0.6 m
0135-247 01 37 38.3443 -24 30 53.864 17.4 1997.6885  23  23 59  16  05  -28  +21  04  13 02 2.96 1.16 0.67  0.27  0.35  0.51 0.6 m
0138-097 01 41 25.8315 -09 28 43.690 17.1 2001.0292  16  16 16  22  09  -08  -16  34  16 07 2.14 1.68 0.00  0.00  0.00  0.00 1.6 m
0147-076 01 50 02.6929 -07 25 48.368 17.4 2000.5878  25  25 40  44  08  -69 +122  00  00 01 9.99 9.99 0.00  0.00  0.00  0.00 0.6 m
0149+218 01 52 18.0582 +22 07 07.666 17.9 1999.6764  73  71 38  21  05  -10  -34  00  00 01 2.48 2.45 0.85  0.52  0.53  0.42 0.6 m
0150-334 01 53 10.1205 -33 10 25.755 17.8 1998.4707  53  51 66  53  06  -14 +107  29  17 04 9.99 9.99 0.37  0.32  0.07  0.18 0.6 m
0202-765 02 02 13.6918 -76 20 03.037 17.1 1998.6470  32  32 46  51  14  -08  +19  16  25 03 9.99 9.99 0.59  0.23  0.28  0.46 0.6 m
0201+113 02 03 46.6626 +11 34 45.442 19.1 2000.9104  17  17 57  61  09  +81  +32  51  57 05 2.74 1.46 2.48  2.48  0.09  0.07 1.6 m
0202-172 02 04 57.6793 -17 01 19.808 18.0 2000.6470  35  35 16  41  05  +70  +32  32  64 06 3.19 1.41 1.38  0.91  1.03  0.16 0.6 m
0208-512 02 10 46.2007 -51 01 01.806 17.4 1998.0182  13  13 32  25  11  +02  +85  41  18 07 9.99 2.04 0.79  0.62  0.28  0.41 1.6 m
0215+015 02 17 48.9550 +01 44 49.691 17.7 1998.7040  88  84 33  49  11  +03  -07  16 118 02 1.35 1.35 0.00  0.00  0.00  0.00 0.6 m
0221+067 02 24 28.4268 +06 59 23.296 18.7 2003.3374  49  48 31  37  10  -20  -45  57  59 08 2.68 1.92 2.15  1.02  1.02  1.59 1.6 m
0229+131 02 31 45.8924 +13 22 54.776 17.5 2000.5881  46  46 37  30  08  -23  +59  58  16 03 2.81 1.76 0.99  0.38  0.54  0.74 0.6 m
0235+164 02 38 38.9290 +16 36 59.281 17.6 1998.8354  20  21 33  35  10  -16  +05  26  20 06 2.40 1.16 1.31  1.27  0.14  0.31 1.6 m
0237-027 02 39 45.4757 -02 34 40.900 19.2 2000.5882 119 111 65  53  10  +51  +14  00  00 01 1.86 0.69 1.24  0.04  0.24  1.22 0.6 m
0237+040 02 39 51.2632 +04 16 21.392 16.9 1999.8812  28  32 57  26  08  +02  -20  05  52 02 2.36 0.40 1.05  0.08  0.89  0.56 1.6 m
0237-233 02 40 08.1776 -23 09 15.802 17.3 1997.6586  55  60 70  29  05  +41  -69  04  59 02 5.75 3.21 1.51  1.00  0.99  0.54 0.6 m
0238-084 02 41 04.8000 -08 15 20.819 15.4 2000.5882  28  28 37  38  09  +21  -66  21  19 04 5.22 3.17 0.00  0.00  0.00  0.00 0.6 m
0252-549 02 53 29.1709 -54 41 51.358 17.5 1997.6832  27  27 42  43  09  -83  +78  33  13 03 9.99 9.99 0.70  0.29  0.34  0.54 0.6 m
0250+178 02 53 34.8788 +18 05 42.554 18.1 2001.6845  55  53 38  48  13  -50  +30  64  79 04 9.99 9.99 1.97  1.15  1.57  0.28 1.6 m
0256+075 02 59 27.0712 +07 47 39.651 19.1 2003.7531  33  33 40  46  09  -80  +08  00  00 01 3.84 1.80 0.94  0.92  0.20  0.01 1.6 m
0302-623 03 03 50.6199 -62 11 25.536 18.2 1997.6860  43  43 34  44  11  -80  +14  00  00 01 9.99 9.99 0.00  0.00  0.00  0.00 0.6 m
0308-611 03 09 56.1011 -60 58 39.075 18.6 1994.0697  22  22 38 105  09  +14  -18  32  17 04 9.99 9.99 1.39  1.22  0.42  0.52 1.6 m
0312-770 03 11 55.2412 -76 51 50.812 16.3 1999.7210  11  12 41  60  15  -30  +36  53  52 09 9.99 9.99 0.69  0.57  0.38  0.07 1.6 m
0317+188 03 19 51.2624 +19 01 31.268 18.7 2003.2710  48  46 31  39  16  +80  -22  39  18 04 3.42 1.83 0.95  0.55  0.77  0.10 1.6 m
0332-403 03 34 13.6512 -40 08 25.347 17.6 1997.6778  43  42 49  27  08  -37  +50  14  32 02 2.29 2.38 2.53  0.20  2.49  0.39 0.6 m
0336-019 03 39 30.9363 -01 46 35.724 16.6 2001.9015  73  72 28  37  05  -22  +79  45  56 05 2.31 1.08 0.89  0.48  0.44  0.60 0.6 m
0338-214 03 40 35.6130 -21 19 31.132 18.0 1997.6833  27  27 52  61  07  +72  +39  07  03 02 3.41 1.68 0.94  0.29  0.03  0.89 0.6 m
0341+158 03 44 23.1734 +15 59 43.329 20.0 2003.7558 113  98 57  54  14  +17  -40  45 104 03 2.48 1.56 1.89  0.74  1.64  0.58 1.6 m
0355-483 03 57 21.9198 -48 12 15.075 16.8 1997.2082  20  20 36  51  08  +18  +85  33  33 06 9.99 9.99 0.00  0.00  0.00  0.00 1.6 m
0400-319 04 02 21.2659 -31 47 25.892 19.0 1997.6888  77  70 36  36  05  +00  +53 123  17 03 3.03 0.56 2.12  0.15  0.90  1.91 0.6 m
0402-362 04 03 53.7540 -36 05 01.809 17.6 1997.6778  53  53 38  29  05  +50 +104  07  12 02 2.50 1.16 1.11  0.72  0.29  0.79 0.6 m
0403-132 04 05 34.0033 -13 08 13.646 17.2 1997.6914  21  21 44  50  08  -02  +45  30  28 03 0.56 1.16 0.00  0.00  0.00  0.00 0.6 m
0405-385 04 06 59.0338 -38 26 28.083 18.2 2005.4492  51  51 29  67  06  -17  -42  67  65 05 2.58 1.80 1.11  1.08  0.06  0.23 0.6 m
0405-123 04 07 48.4303 -12 11 36.703 15.1 2002.5989  10  10 30  25  10  -09  -43  31  23 08 2.87 2.31 1.47  0.88  0.47  1.08 1.6 m
0406-127 04 09 05.7741 -12 38 48.116 17.5 2002.3425  67  73 49  40  09  +63  +28  89  85 04 3.06 2.31 1.24  0.79  0.93  0.22 1.6 m
0414-189 04 16 36.5408 -18 51 08.351 18.0 1996.9501  49  48 38  50  12  -52  -10  60  56 04 1.23 0.00 0.99  0.17  0.89  0.41 1.6 m
0422-380 04 24 42.2387 -37 56 20.823 17.8 1998.7890  37  37 20  25  16  -59  -38  69  59 03 3.21 2.04 1.24  1.17  0.10  0.40 1.6 m
0422+004 04 24 46.8431 +00 36 06.324 15.6 2001.0720  17  17 48  81  20  +16   -6  04  09 02 1.86 0.81 0.36  0.36  0.05  0.02 1.6 m
0423+051 04 26 36.6031 +05 18 19.874 18.1 2002.4265 109 145 39  20  16  -15  +01  91  13 05 3.41 1.98 0.73  0.72  0.13  0.06 1.6 m
0426-380 04 28 40.4208 -37 56 19.588 18.5 2003.6300  36  36 46  57  09  -41  -08  35  13 04 2.18 1.08 0.11  0.06  0.04  0.08 0.6 m
0431-512 04 32 21.1776 -51 09 25.138 17.6 1996.1989  56  56 33  54  13  -05  +50  85  40 03 9.99 9.99 0.78  0.59  0.07  0.51 1.6 m
0430+052 04 33 11.0908 +05 21 15.592 15.4 2003.3745  11  11 32  27  12  -70  -27  22  32 08 4.15 3.20 3.18  0.29  2.58  1.83 1.6 m
0437-454 04 39 00.8578 -45 22 22.603 18.0 2001.7735  49  53 14  16  13  +32  -40  70  44 04 2.68 1.46 0.00  0.00  0.00  0.00 1.6 m
0438-436 04 40 17.1791 -43 33 08.556 18.8 1998.6525  45  45 28  35  15  -10  +48 121  13 02 9.99 9.99 0.16  0.15  0.06  0.00 0.6 m
0440-003 04 42 38.6595 -00 17 43.408 18.1 2002.5370  59  59 48  31  13  -19  +11  28  31 05 4.02 0.00 0.51  0.11  0.23  0.44 1.6 m
0454-810 04 50 05.4002 -81 01 02.337 18.9 1995.0160 116 193 59  63  16  -94 -104  00  00 01 9.99 9.99 0.00  0.00  0.00  0.00 1.6 m
0451-282 04 53 14.6486 -28 07 37.293 17.2 1998.2252  62  59 37  45  09  +23  +34  52  69 08 3.31 2.14 0.74  0.33  0.55  0.36 0.6 m
0454-463 04 55 50.7691 -46 15 58.683 17.1 2002.4033  31  31 56  40  11  -34  -02  62  61 08 9.99 9.99 0.73  0.53  0.15  0.48 1.6 m
0454-234 04 57 03.1792 -23 24 52.036 16.7 2001.1139  41  41 40  45  06  +00  -15  54  45 17 2.65 1.56 0.00  0.00  0.00  0.00 0.6 m
0457+024 04 59 52.0482 +02 29 31.166 18.4 2003.7531  19  19 21  44  22  -36  -10  22  08 03 4.15 0.00 1.61  0.69  1.02  1.04 1.6 m
0458-020 05 01 12.8086 -01 59 14.255 18.6 2002.7835  25  25 25  38  20  -18  +01  00  00 01 2.25 2.14 0.53  0.17  0.17  0.47 1.6 m
0459+060 05 02 15.4459 +06 09 07.477 18.2 2002.8276  99  79 28  53  23  +00  -16  49  87 04 3.53 1.29 0.87  0.65  0.16  0.56 1.6 m
0502+049 05 05 23.1825 +04 59 42.770 17.4 2003.7559  14  14 41  29  17  -34  +45  00  00 01 3.41 2.69 0.58  0.33  0.05  0.47 1.6 m
0506-612 05 06 43.9824 -61 09 41.026 17.5 2003.3577  16  16 50  52  19  -45  -32  17  16 07 9.99 9.99 0.00  0.00  0.00  0.00 1.6 m
0506+101 05 09 27.4620 +10 11 44.595 17.5 2001.8994  84  69 34  29  25  +72  -05  44 100 03 0.56 0.20 1.54  0.75  1.06  0.83 0.6 m
0507+179 05 10 02.3685 +18 00 41.588 17.6 2003.4862  73  72 40  41  32  -09  +06  77  46 13 2.93 9.99 0.40  0.35  0.19  0.06 1.6 m
0511-220 05 13 49.1128 -21 59 16.057 19.1 2003.1196  67  65 58  56  17  -21  +34  90  94 03 3.27 2.81 0.84  0.76  0.33  0.14 1.6 m
0517-726 05 16 37.7140 -72 37 07.558 19.2 2002.7836  06  06 43  44  26  -22  -92  00  00 01 9.99 9.99 1.73 -1.00 -1.00 -1.00 1.6 m
0516-621 05 16 44.9170 -62 07 05.375 17.7 2003.1856  33  31 29  41  20  -64  +14  92  57 05 9.99 9.99 1.24  1.21  0.26  0.00 1.6 m
0518+165 05 21 09.8821 +16 38 22.029 17.2 2001.9018 121 122 36  35  49  -57  -21  00  00 01 4.13 4.64 0.90  0.79  0.14  0.40 0.6 m
0522-611 05 22 34.4193 -61 07 57.224 18.8 2003.7913  60  60 56  48  19  -44  -90  00  00 01 9.99 9.99 1.56  1.17  0.28  1.00 0.6 m
0521-365 05 22 57.9805 -36 27 30.820 15.9 1997.7706  34  34 26  37  15  -50  +30  35  20 10 2.96 3.11 0.79  0.55  0.17  0.54 1.6 m
0524-460 05 25 31.4060 -45 57 54.727 16.8 2003.2875  11  11 53  41  16  +61  -41  18  10 06 9.99 9.99 0.30  0.20  0.10  0.20 1.6 m
0528-250 05 30 07.9638 -25 03 29.912 17.5 1996.6213  41  41 32  52  19  +13  -12  43  52 07 3.38 1.35 1.48  0.75  1.08  0.69 1.6 m
0537-441 05 38 50.3587 -44 05 08.944 16.8 1999.5218  23  23 27  31  17  -30  -05  22  30 13 2.85 2.04 1.20  0.17  0.80  0.88 1.6 m
0537-158 05 39 32.0114 -15 50 30.295 16.7 2002.4001  34  33 47  48  20  +18  +26  34  32 08 3.37 2.45 1.66  1.47  0.44  0.63 1.6 m
0537-286 05 39 54.2844 -28 39 55.924 19.3 2002.6118  14  14 38  15  20  +38  +22  21  23 05 0.81 0.56 1.04  0.69  0.77  0.09 1.6 m
0539-057 05 41 38.0818 -05 41 49.385 19.3 2003.2875 103  76 21  35  19  -23  +43 103  32 04 2.87 2.25 2.02  0.20  0.11  2.01 1.6 m
0605-085 06 07 59.6964 -08 34 50.043 18.4 2003.2889  25  25 54  54  20  -41  -65  69  28 04 3.38 2.96 1.73 -1.00 -1.00 -1.00 1.6 m
0607-157 06 09 40.9533 -15 42 40.674 18.0 2003.1293  28  27 52  52  21  +54  -01  20  21 04 1.51 1.68 1.73 -1.00 -1.00 -1.00 1.6 m
0611+131 06 13 57.6948 +13 06 45.483 17.5 2001.9020 128 128 42  35  62  +29  +82  84  33 02 1.92 9.99 0.00  0.00  0.00  0.00 0.6 m
0614-349 06 16 35.9864 -34 56 16.670 19.1 2002.1812  53  53 48  52  20  +62 -105 106  30 06 9.99 9.99 0.00  0.00  0.00  0.00 1.6 m
0622-441 06 23 31.7876 -44 13 02.544 17.5 2003.2876  14  14 29  53  24  +13  -02  27  38 06 9.99 9.99 1.20  0.24  0.97  0.66 1.6 m
0629-418 06 31 11.9950 -41 54 26.913 17.8 2001.9021 117  66 41  51  19  -33  +33  51  46 04 2.70 2.09 0.21  0.06  0.11  0.17 0.6 m
0637-752 06 35 46.5092 -75 16 16.773 16.5 1996.9898  18  18 54  34  18  +05  +41  38  53 08 9.99 9.99 0.00  0.00  0.00  0.00 1.6 m
0646-306 06 48 14.0905 -30 44 19.663 18.7 2001.5602  35  35 52  37  34  -76  -03  47  50 14 2.61 1.08 2.42  1.66  1.13  1.35 1.6 m
0657+172 07 00 01.5237 +17 09 21.716 17.9 2001.9021  58  59 43  37  67  -26  +14  71  93 05 2.67 1.41 1.73 -1.00 -1.00 -1.00 0.6 m
0700-465 07 01 34.5459 -46 34 36.676 18.2 2002.8022  15  15 41  44  27  -12  -55  35  30 16 9.99 9.99 1.18  1.11  0.28  0.30 1.6 m
0722+145 07 25 16.8013 +14 25 13.808 16.7 2002.3390  56  48 31  28  23  -94  +61  44  31 02 2.53 9.99 0.61  0.16  0.57  0.16 1.6 m
0723-008 07 25 50.6405 -00 54 56.538 18.4 1999.4749  27  27 47  31  49  +08  +06  40  11 05 3.30 2.46 1.96  1.54  1.03  0.64 1.6 m
0727-115 07 30 19.1136 -11 41 12.542 18.4 1998.3308  09  09 54  56  36  +16  +58  23  18 03 1.80 1.08 0.49  0.05  0.48  0.09 1.6 m
0735+178 07 38 07.3900 +17 42 19.013 15.6 2001.8995  15  15 41  34  25  -53  +14  20  15 05 3.17 9.99 0.61  0.31  0.42  0.31 0.6 m
0738-674 07 38 56.5022 -67 35 50.819 18.3 1999.2514  44  48 50  58  26  +33  +07  38  76 05 9.99 9.99 1.12  1.00  0.45  0.23 1.6 m
0736+017 07 39 18.0345 +01 37 04.618 16.2 2002.1700  26  27 47  39  40  +09  +00  41  34  5 3.12 3.24 1.51  1.29  0.77  0.09 0.6 m
0743-673 07 43 31.6273 -67 26 25.519 16.5 2004.8589  11  11 47  44  27  +91  +27  42  36 19 9.99 9.99 1.62  1.17  0.55  0.98 1.6 m
0743-006 07 45 54.0807 -00 44 17.566 17.3 2001.0832  21  18 45  39  36  -23  -26  47  45  6 1.51 0.40 1.71  0.65  1.58  0.13 1.6 m
0748+126 07 50 52.0477 +12 31 04.861 17.6 2002.2773  25  25 43  39  26  +28  +32  27  46  7 3.00 2.16 0.89  0.00  0.81  0.36 1.6 m
0754+100 07 57 06.6421 +09 56 34.905 17.1 1997.8494  24  24 55  38  23  -12  +52  26  25 08 2.57 1.08 1.92  1.92  0.07  0.11 1.6 m
0805-077 08 08 15.5358 -07 51 09.873 17.7 2004.4787  41  41 45  42  39  -03  +13  34  46 09 3.21 2.60 0.12  0.09  0.05  0.06 1.6 m
0808+019 08 11 26.7059 +01 46 52.193 18.9 2000.9220  16  16 42  41  27  -21  -26  00  00 01 1.86 0.00 0.55  0.08  0.54  0.01 1.6 m
0818-128 08 20 57.4455 -12 58 59.171 17.2 1998.9673  08  08 37  39  36  -30   -1  07  02 02 3.47 1.64 0.52  0.34  0.39  0.01 1.6 m
0823-500 08 25 26.8657 -50 10 38.516 19.6 2000.2616  29  29 32  38  34  -33  -29  00  00 01 9.99 9.99 0.00  0.00  0.00  0.00 1.6 m
0823+033 08 25 50.3426 +03 09 24.500 18.1 2001.9098  38  37 24  26  23  +63  -20  55  74 05 2.16 2.01 0.00  0.00  0.00  0.00 1.6 m
0823-223 08 26 01.5672 -22 30 27.185 16.9 2001.5667  41  41 50  46  51  -80  +18  39  20 09 9.99 9.99 0.00  0.00  0.00  0.00 1.6 m
0829+046 08 31 48.8762 +04 29 39.116 16.4 2003.5176  41  41 43  38  17  -11  +30  37  17 04 3.25 1.80 1.93  1.90  0.33  0.09 0.6 m
0834-201 08 36 39.2164 -20 16 59.482 18.5 2002.5232  23  23 50  43  33  +16  +21  25  42 16 2.36 2.60 2.13  0.45  1.62  1.30 1.6 m
0842-754 08 41 27.0461 -75 40 27.806 17.6 2004.1116  31  31 45  54  34  +41  +64  48  64 14 9.99 9.99 1.90  0.44  1.85  0.02 1.6 m
0839+187 08 42 05.1003 +18 35 40.988 17.2 2000.3434  29  29 34  62  09  +87  -02  10  11 02 4.49 3.76 1.07  0.88  0.18  0.58 0.6 m
0859-140 09 02 16.8308 -14 15 30.876 17.1 2001.5667  25  25 45  39  26  +00  +00  18  33 09 3.81 2.94 0.98  0.87  0.42  0.17 1.6 m
0906+015 09 09 10.0897 +01 21 35.619 17.2 2002.4044  24  24 40  29  15  -28  +01  30  30 08 3.06 1.98 0.36  0.21  0.07  0.28 1.6 m
0919-260 09 21 29.3555 -26 18 43.393 17.5 1998.8239  35  35 39  35  32  +22  -06  60  49 06 2.20 2.23 0.35  0.12  0.04  0.33 1.6 m
0920-397 09 22 46.4175 -39 59 35.026 18.1 1998.0695  41  47 47  33  41  -08  +41  30  28 06 2.45 1.60 0.45  0.31  0.33  0.04 1.6 m
0925-203 09 27 51.8262 -20 34 51.212 17.0 1999.7319  53  57 47  57  23  +27  +19  64  46 06 2.57 1.83 1.25  0.92  0.71  0.47 1.6 m
0936-853 09 30 32.5181 -85 33 59.708 17.7 2004.5736  51  51 44  45  23  -61  -15  38  76 11 9.99 9.99 0.00  0.00  0.00  0.00 1.6 m
0952+179 09 54 56.8263 +17 43 31.260 17.3 2000.3409  60  60 44  35  10  +38  +37  44  65 04 2.80 3.61 1.34  0.63  0.25  1.16 0.6 m
0959-443 10 01 59.9125 -44 38 00.591 16.7 1997.1710  32  32 55  50  10  +55  +14  31  43 06 9.99 9.99 0.00  0.00  0.00  0.00 0.6 m
1004-500 10 06 14.0204 -50 18 13.557 18.7 2001.3266 129 127 44  37 102 +103  -85  00  00 01 2.63 0.56 1.73 -1.00 -1.00 -1.00 0.6 m
1012+232 10 14 47.0660 +23 01 16.590 17.5 2000.1212  55  55 50  50  08  +07  +18  27  16 05 2.48 1.23 0.74  0.21  0.68  0.22 1.6 m
1021-006 10 24 29.5837 -00 52 55.515 17.6 2002.3004  53  53 50  32   6  -44  -17  70  47  3 5.10 2.56 1.24  0.80  0.95  0.04 0.6 m
1022+194 10 24 44.8066 +19 12 20.384 16.1 2002.1676  91  90 22  43   5  -42  -31 106  64  4 2.54 2.23 0.00  0.00  0.00  0.00 0.6 m
1032-199 10 35 02.1604 -20 11 34.341 18.2 1999.3597  66  58 35  33   9  +72  +19  65  54  5 2.84 2.53 0.47  0.38  0.28  0.02 1.6 m
1034-293 10 37 16.0789 -29 34 02.814 18.3 2000.3435  51  51 46  42  13  -10  +00  39  23 04 2.56 1.60 1.12  1.06  0.25  0.25 0.6 m
1038+064 10 41 17.1640 +06 10 16.903 17.0 2001.6630  47  47 38  42   8  +22  -20  52  17 05 3.84 1.29 0.00  0.00  0.00  0.00 0.6 m
1042+071 10 44 55.9135 +06 55 38.310 17.4 2002.1700 142 144 53  49   6  +34  +48  00  00 01 2.48 1.46 2.85  2.17  0.47  1.79 0.6 m
1045-188 10 48 06.6196 -19 09 35.802 18.1 2004.9644  29  29 32  38  15  -13  -75  45  47 11 2.96 9.99 0.92  0.44  0.44  0.68 1.6 m
1048-313 10 51 04.7778 -31 38 14.293 18.7 1999.1717  69  69 53  43  18  +02  +14  44  40 10 9.99 9.99 2.40  0.39  1.20  2.04 1.6 m
1055+018 10 58 29.6055 +01 33 58.872 17.4 2001.3267  26  26 71  47   6  +04  +48  21  07 02 3.43 2.67 2.10  1.27  1.06  1.30 0.6 m
1057-797 10 58 43.3085 -80 03 54.147 17.3 2003.6628  33  33 42  49  24  -03  +12  48  30 10 9.99 9.99 0.57  0.32  0.24  0.41 1.6 m
1101-325 11 03 31.5287 -32 51 16.694 16.4 1997.4984  11  13 51  51  14  +28  -02  48  18 11 9.99 9.99 0.77  0.53  0.52  0.21 1.6 m
1101-536 11 03 52.2245 -53 57 00.670 17.2 2001.2065  16  17 45  47  78  +24  +26  34  31 22 9.99 9.99 0.91  0.74  0.11  0.52 1.6 m
1104-445 11 07 08.6948 -44 49 07.659 17.8 2004.5331  10  10 41  37  33  +07  -40  18  38 10 4.08 1.68 1.07  0.47  0.96  0.03 1.6 m
1105-680 11 07 12.7013 -68 20 50.694 17.3 2001.3298  37  36 45  42 105  +37  +34  46  48 10 9.99 9.99 0.68  0.49  0.30  0.36 1.6 m
1111+149 11 13 58.6987 +14 42 26.918 16.3 2001.3295  92  83 58  24  07  +52  -34 130  10 02 2.43 1.46 1.00  0.17  0.04  0.98 0.6 m
1116-462 11 18 26.9591 -46 34 14.985 17.3 1997.8714  16  16 58  45  34  +15  +16  27  18 05 9.99 9.99 1.08  0.17  1.06  0.07 1.6 m
1127-145 11 30 07.0504 -14 49 27.338 16.4 2002.1760  36  37 39  36  07  -32  +50  70  64 05 4.32 2.16 0.72  0.56  0.44  0.10 0.6 m
1129-580 11 31 43.2865 -58 18 53.433 18.1 2002.4742  41  43 48  49 148  -07  +13  35  47 10 9.99 9.99 0.00  0.00  0.00  0.00 1.6 m
1130+009 11 33 20.0512 +00 40 52.878 19.8 1999.1232  24  24 55  69  12  -69  +41  00  00 01 2.43 1.35 0.00  0.00  0.00  0.00 1.6 m
1143-245 11 46 08.1040 -24 47 32.880 17.7 2002.2961  47  48 48  42  15  +08  +16  21  26 06 4.05 0.40 0.75  0.17  0.64  0.35 0.6 m
1144-379 11 47 01.3702 -38 12 10.993 17.7 1996.4457  25  25 15  41  21  -05  +30  37  37 10 3.42 0.40 1.36  0.35  1.16  0.61 1.6 m
1145-071 11 47 51.5557 -07 24 41.160 17.8 2002.7890  88  87 60  51  05  +24  -18  16  86 02 2.11 1.80 1.01  0.15  0.91  0.40 0.6 m
1147+245 11 50 19.2089 +24 17 53.795 16.1 2001.3295  16  16 33  23  09  -44  -40  30  15 03 2.46 1.95 0.00  0.00  0.00  0.00 0.6 m
1148-001 11 50 43.8714 -00 23 54.154 17.4 2003.2938  90 110 46  47  08  +08  +50  30  58 07 4.62 3.46 0.65  0.16  0.10  0.62 1.6 m
1155+251 11 58 25.7851 +24 50 17.950 18.1 2000.2797 193 240 14  25  05  -32  -13 161 179 02 4.73 3.18 2.02  0.57  1.78  0.76 1.6 m
1156-094 11 59 12.7077 -09 40 51.940 19.9 2000.2646 122 125 27  55  12  -58 +108  00  00 01 3.60 3.69 1.73 -1.00 -1.00 -1.00 1.6 m
1206-399 12 09 35.2484 -40 16 13.036 17.5 2001.8947  33  34 47  39  19  +57  +64  40  34 09 9.99 9.99 1.07  0.20  0.64  0.84 0.6 m
1215-457 12 18 06.2424 -46 00 28.908 19.9 2000.2619  07  07 40  38  24 -101 +102  17  18 02 9.99 9.99 0.41  0.32  0.07  0.25 1.6 m
1219+044 12 22 22.5466 +04 13 15.767 17.6 2000.3412 105 100 43  78  05  -44  -09  59  65 02 0.40 0.81 0.38  0.34  0.10  0.13 0.6 m
1222+037 12 24 52.4231 +03 30 50.275 17.8 1999.5664  39  38 54  23  06  +17  -18  80  74 05 4.51 2.04 1.79  0.55  1.41  0.96 1.6 m
1221-829 12 24 54.4175 -83 13 10.001 19.1 2000.2646  55  55 36  56  28  +59 +103  00  00 01 9.99 9.99 1.65  1.42  0.36  0.76 1.6 m
1226+023 12 29 06.6949 +02 03 08.524 13.3 2005.5601  06  06 14   6  07  -72  -74  41  25 30 5.47 2.88 1.21  0.50  1.10  0.11 1.6 m
1236+077 12 39 24.5871 +07 30 17.205 18.5 2000.3453  35  38 80  25  09  -18  +16  59  69 04 2.95 1.60 0.64  0.50  0.31  0.26 1.6 m
1237-101 12 39 43.0605 -10 23 28.701 17.7 2000.4489  25  26 51  46  13  -13   -8  40  63 07 3.87 1.72 1.30  0.01  0.32  1.26 1.6 m
1237-113 12 39 59.4280 -11 37 22.978 15.0 2000.2648  03  03 52  62  09  -32   +7  00  00 01 9.99 9.99 1.73 -1.00 -1.00 -1.00 1.6 m
1243-072 12 46 04.2254 -07 30 46.449 19.8 2000.2648  89  89 44  49  12 -100 +126  00  00 01 2.06 1.23 1.26  0.11  0.88  0.89 1.6 m
1244-255 12 46 46.7999 -25 47 49.341 17.4 2003.3032  65  56 40  44  13  -28  -52  39  80 08 0.20 1.51 1.15  0.32  0.82  0.74 1.6 m
1252+119 12 54 38.2538 +11 41 05.865 17.1 2001.8593  32  32 38  27  06  -25  -30  39  24 08 2.60 1.92 0.69  0.67  0.17  0.07 0.6 m
1251-713 12 54 59.9162 -71 38 18.413 19.2 1993.4770  46  47 66  65  33  -24  +23  02 122 02 9.99 9.99 0.00  0.00  0.00  0.00 1.6 m
1253-055 12 56 11.1690 -05 47 21.532 17.2 2002.9906  37  41 30  29  08  +37  -06  15  61 11 4.05 2.29 0.00  0.00  0.00  0.00 1.6 m
1255-316 12 57 59.0607 -31 55 16.894 17.9 1999.6640  32  38 20  06  16  -01  -41 104  49 05 3.10 2.20 1.27  0.15  1.26  0.08 1.6 m
1257+145 13 00 20.9155 +14 17 18.440 18.0 2001.3270 110 114 20  08  05  -48  -90  00  00 01 2.06 0.69 1.40  0.23  0.06  1.38 0.6 m
1302-102 13 05 33.0142 -10 33 19.456 15.7 2000.0309  26  26 50  46  13  -11  -28  51  49 18 2.82 0.20 1.04  0.36  0.97  0.10 1.6 m
1307+121 13 09 33.9344 +11 54 24.559 17.1 2000.4491  25  24 57  49  12  +28  +06  30  58 07 3.58 2.68 1.33  1.29  0.30  0.09 1.6 m
1313-333 13 16 07.9828 -33 38 59.156 18.0 2003.5679  14  14 23  14  20  -39  +16  16  31 05 3.91 2.18 0.68  0.56  0.28  0.26 1.6 m
1320-446 13 23 04.2480 -44 52 33.793 19.2 2000.6924  30  30 41  33  38  +23  +59  31  33 09 9.99 9.99 1.18  0.57  0.97  0.34 1.6 m
1329-665 13 32 37.5059 -66 46 50.350 19.0 1998.3340  07  07 54  36  37  -68  +97  03  04 02 9.99 9.99 1.73 -1.00 -1.00 -1.00 1.6 m
1334-127 13 37 39.7838 -12 57 24.659 17.1 2000.3493  36  34 42  59  08  +15  +34  15  04 03 1.86 1.41 1.09  1.01  0.37  0.20 0.6 m
1349-439 13 52 56.5330 -44 12 40.416 17.6 1996.6245  32  32 40  40  40  -20  -28  24  33 08 9.99 9.99 1.40  0.49  1.25  0.41 1.6 m
1354-152 13 57 11.2438 -15 27 28.779 17.9 2002.2949  95  95 45  44  12  -17  +07  04  09 02 1.68 1.46 1.59  0.01  1.44  0.67 0.6 m
1355-416 13 59 00.1862 -41 52 52.643 15.9 1998.7863  19  19 40  42  30  +32  -10  14  25 12 9.99 9.99 0.59  0.58  0.12  0.01 1.6 m
1402-012 14 04 45.8991 -01 30 21.909 18.2 2003.8639  25  25 15  18  09  +53  +40  60  19 07 2.38 0.81 0.15  0.12  0.01  0.09 1.6 m
1402+044 14 05 01.1199 +04 15 35.823 18.3 2000.5845  22  20 17  55  07  +02   +4  00  00 01 3.30 1.68 2.01  1.82  0.21  0.83 0.6 m
1406-076 14 08 56.4809 -07 52 26.691 18.9 1999.9086  53  55 33  46  12  -05  -24  72  85 06 2.11 2.20 0.61  0.28  0.54  0.06 1.6 m
1413+135 14 15 58.8195 +13 20 23.659 19.7 2001.6220  47  47 55  44  10  +29  -52  00  00 01 1.80 2.77 0.00  0.00  0.00  0.00 1.6 m
1416+067 14 19 08.1809 +06 28 34.790 17.0 2000.5846  48  45 33  30  06  +11  -13  16  37 04 2.87 1.80 0.61  0.44  0.32  0.27 0.6 m
1424+240 14 27 00.3940 +23 48 00.024 15.1 2001.4271  18  19 48  28  07  +29  -11  32  13 12 2.14 0.81 2.24  1.98  1.05  0.05 1.6 m
1424-418 14 27 56.3006 -42 06 19.433 18.2 1998.6790  30  30 44  45  46  +33  +04  42  60 17 2.54 2.18 0.74  0.73  0.11  0.05 1.6 m
1430-178 14 32 57.6837 -18 01 35.307 18.1 2000.4573  57  55 49  53  12  -98  -58  72 101 02 3.87 1.83 0.89  0.87  0.07  0.18 1.6 m
1435-218 14 38 09.4680 -22 04 54.731 18.5 1999.2050  42  40 41  74  18  -19  +17  70  72 11 9.99 9.99 2.59  1.52  0.28  2.08 1.6 m
1442+101 14 45 16.4686 +09 58 36.166 18.0 2000.3929  47  51 23  16  14  +50  +93  53  11 05 3.47 3.03 1.02  0.37  0.03  0.95 1.6 m
1443-162 14 45 53.3760 -16 29 01.645 19.3 2000.8801  65  64 61  60  18  -04  -26  68  69 09 2.83 1.60 0.00  0.00  0.00  0.00 1.6 m
1445-161 14 48 15.0543 -16 20 24.510 18.8 2001.7448  51  57 54  45  18   +1  +38  75  50 06 3.64 2.11 0.73  0.25  0.60  0.33 1.6 m
1451-375 14 54 27.4116 -37 47 33.147 17.5 2002.0029  30  32 50  51  43  +21  -02  48  35 19 2.27 1.68 0.72  0.70  0.15  0.11 1.6 m
1451-400 14 54 32.9144 -40 12 32.525 17.6 1999.6640  39  41 45  48  34  +23  -10  68  41 04 3.19 3.76 1.87  0.18  1.05  1.54 1.6 m
1502+106 15 04 24.9803 +10 29 39.186 18.2 2002.5914  33  33 57  67  07  +07  -12  38  43 06 2.53 1.56 1.09  0.33  0.77  0.70 0.6 m
1502+036 15 05 06.4797 +03 26 30.793 18.5 2000.2651  18  18 43  50  18  +36  -20  00  00 01 1.56 0.20 0.51  0.50  0.09  0.08 1.6 m
1504-166 15 07 04.7862 -16 52 30.267 20.2 2000.2620  25  25 48  41  20  -10  +00  12  16 02 3.19 0.81 1.34  1.18  0.07  0.63 1.6 m
1510-089 15 12 50.5315 -09 05 59.839 17.5 1999.3872  13  13 48  36  21  -21  -09  18  10 07 3.46 0.00 0.63  0.54  0.30  0.10 1.6 m
1511-100 15 13 44.8898 -10 12 00.241 18.2 2001.8819  15  16 50  55  19  -53  +23  38  32 16 3.32 1.00 0.84  0.24  0.23  0.77 1.6 m
1514+197 15 16 56.7948 +19 32 12.955 17.9 2002.8971  43  42 40  40  05  -19  -37  49  45 06 1.60 1.29 1.63  1.00  0.18  1.28 0.6 m
1514-241 15 17 41.8171 -24 22 19.478 16.3 2002.5865  16  16 45  35  22  +54  -01  35  21 15 4.33 2.61 1.14  0.81  0.76  0.24 1.6 m
1519-273 15 22 37.6776 -27 30 10.806 18.6 2003.5119  19  19 55  41  21  +21  -20  49  24 14 1.41 0.00 0.33  0.01  0.30  0.14 1.6 m
1532+016 15 34 52.4514 +01 31 04.291 19.5 1999.2645  75  83 25  61  17  -33  +84  07  23 05 4.13 2.20 0.00  0.00  0.00  0.00 1.6 m
1538+149 15 40 49.4928 +14 47 45.902 17.9 1999.4239  30  30 45  29  09  +18  +17  34  11 05 2.09 1.92 1.19  0.85  0.65  0.51 0.6 m
1546+027 15 49 29.4416 +02 37 01.089 17.5 1999.3708  35  36 55  33  16  +71  -73  36  36 06 3.05 1.86 0.69  0.42  0.52  0.18 1.6 m
1540-828 15 50 59.1712 -82 58 06.700 18.8 2006.3237  35  45 61  42  24  +49 +141  00  00 01 9.99 9.99 0.00  0.00  0.00  0.00 1.6 m
1549-790 15 56 58.8697 -79 14 04.311 17.9 2002.2662  41  39 39  48  29  +00  -29  44  68 24 9.99 9.99 1.88  1.23  0.88  1.12 1.6 m
1555+001 15 57 51.4306 -00 01 50.446 18.8 2006.3290  28  27 24  78  19  -50  -32  55  71 07 2.53 1.64 0.94  0.80  0.41  0.27 1.6 m
1555-140 15 58 21.9547 -14 09 59.093 18.3 2004.5926 103 103 57  56  29  +74  -20  95  94 02 3.97 2.99 3.13  2.68  1.61  0.18 0.6 m
1600-445 16 04 31.0254 -44 41 31.988 20.2 1999.2301  34  35 27  34  41  +56  -34  43  19 02 2.64 2.64 1.73 -1.00 -1.00 -1.00 1.6 m
1604-333 16 07 34.7601 -33 31 08.932 19.1 1999.2793  54  59 41  43  42  -28  -19  42  44 05 9.99 9.99 1.84  1.58  0.92  0.22 1.6 m
1606+106 16 08 46.2065 +10 29 07.804 17.6 1997.0911  36  36 31  26  12  +48  +28  41  58 04 2.36 0.69 1.71  0.86  1.48  0.09 1.6 m
1614+051 16 16 37.5551 +04 59 32.786 18.6 2001.3955  72  73 23  21  15  -25  +49  85  37 03 2.99 0.69 2.78  0.64  1.84  1.99 1.6 m
1610-771 16 17 49.2765 -77 17 18.480 17.9 1998.2215  35  37 50  49  25  +00  -12  67  58 19 9.99 9.99 0.98  0.19  0.96  0.05 1.6 m
1616+063 16 19 03.6861 +06 13 02.288 18.6 2000.7682  48  46 26  24  15  -22  +44  70  54 10 2.61 1.60 0.23  0.11  0.02  0.20 1.6 m
1619-680 16 24 18.4388 -68 09 12.469 16.9 2001.8936  11  11 41  55  37  +09  +29  50  37 14 9.99 9.99 0.42  0.37  0.04  0.20 1.6 m
1622-297 16 26 06.0227 -29 51 26.950 17.8 2002.9246  12  12 35  37  34  +24  +20  38  29 18 3.25 2.60 1.73 -1.00 -1.00 -1.00 1.6 m
1647-296 16 50 39.5448 -29 43 46.959 20.3 1998.3288  50  20 49  36  48  +08  -04  00  00 01 9.99 9.99 1.73 -1.00 -1.00 -1.00 1.6 m
1655+077 16 58 09.0148 +07 41 27.602 19.4 1999.2330  12  12 32  44  22  +49  +61   5  20 03 3.64 2.89 0.54  0.17  0.02  0.51 1.6 m
1656+053 16 58 33.4456 +05 15 16.404 17.4 1997.0665  23  23 60  54  23  -25  -40  31  92 06 3.40 2.74 0.80  0.76  0.24  0.01 1.6 m
1657-261 17 00 53.1538 -26 10 51.686 18.0 2003.0447  15  15 46  41  46  -03  +38  19  14 14 1.56 0.69 1.73 -1.00 -1.00 -1.00 1.6 m
1705+018 17 07 34.4166 +01 48 45.646 18.4 2001.0832  50  51 40  37  25  +20  -53  65  38 15 2.42 0.81 0.00  0.00  0.00  0.00 1.6 m
1706-174 17 09 34.3402 -17 28 53.345 19.1 1996.6619 128 103 57  44  30  -73  +19  27  58 03 2.36 1.23 1.73 -1.00 -1.00 -1.00 1.6 m
1717+178 17 19 13.0492 +17 45 06.453 18.0 1996.1276  36  35 58  46  21  +10  +16  15  62 05 2.68 0.00 1.29  1.08  0.49  0.50 1.6 m
1718-649 17 23 41.0272 -65 00 36.708 16.7 1999.3395  19  19 40  47  49  -16  -92  14  30 05 9.99 9.99 0.00  0.00  0.00  0.00 1.6 m
1725+044 17 28 24.9530 +04 27 04.861 17.8 2000.6518  35  35 43  39  42  +03  -53  33  31 16 2.77 1.35 0.00  0.00  0.00  0.00 1.6 m
1730-130 17 33 02.7046 -13 04 49.610 18.4 2003.7817  13  13 50  38  32  -17  -62  55  53 12 2.73 2.78 2.49  0.88  0.17  2.32 1.6 m
1733-565 17 37 35.7595 -56 34 03.248 17.4 1998.3694  21  26 37  59  52  -90  -93  34  32 08 9.99 9.99 1.31  0.81  1.03  0.05 1.6 m
1741-038 17 43 58.8586 -03 50 04.641 18.0 2002.1034  45  45 44  46  31  +36  -24  49  58 17 2.23 0.00 0.95  0.86  0.40  0.10 1.6 m
1743+173 17 45 35.1986 +17 20 01.459 16.6 1996.5680  79  88 42  47  32 -138  +35  00  00 01 2.64 1.46 1.88  0.53  1.38  1.16 1.6 m
1749+096 17 51 32.8193 +09 39 00.752 17.0 1999.8252  23  23 48  44  35  +10  +23  28  13 06 1.76 1.23 0.90  0.26  0.51  0.69 1.6 m
1758-651 18 03 23.4917 -65 07 36.787 17.5 1999.3204  45  46 44  46  38  -30  -24  51  17 03 9.99 9.99 1.73 -1.00 -1.00 -1.00 1.6 m
1815-553 18 19 45.4015 -55 21 20.778 19.3 2006.3292  48  39 35  26  34  +16  -32  40  70 04 9.99 9.99 0.00  0.00  0.00  0.00 1.6 m
1821+107 18 24 02.8577 +10 44 23.860 17.7 1996.8114  21  21 42  41  48  +35  +85  17  32 07 3.59 1.00 1.27  1.06  0.51  0.47 1.6 m
1831-711 18 37 28.7155 -71 08 43.497 17.0 2003.3467  15  15 49  41  24  +02  +57  22  52 07 9.99 9.99 0.73  0.63  0.27  0.24 1.6 m
1908-201 19 11 09.6574 -20 06 55.119 17.6 1999.6079  26  26 56  46  45  +63  -10  48  45 08 2.50 2.04 0.13  0.04  0.12  0.02 1.6 m
1903-802 19 12 40.0155 -80 10 06.031 17.9 2003.2345  27  29 21  32  20  -09  -84  95  52 06 9.99 9.99 0.83  0.68  0.10  0.46 1.6 m
1920-211 19 23 32.1881 -21 04 33.364 17.8 1999.1200  21  21 43  40  39  -24  -30  20  32 06 2.18 0.40 2.97  0.13  1.01  2.79 1.6 m
1921-293 19 24 51.0562 -29 14 30.154 17.4 2003.4685  13  13 46  39  40  +03  -33  22  17 40 3.21 3.28 0.00  0.00  0.00  0.00 1.6 m
1925-610 19 30 06.1603 -60 56 09.173 19.2 1996.8342  19  19 51  88  20  +01  +10  67  33 05 9.99 9.99 1.22  0.18  0.87  0.84 1.6 m
1933-400 19 37 16.2196 -39 58 01.511 17.9 1999.6978  17  17 53  58  26  +25  +42  51  34 11 1.16 1.64 0.63  0.16  0.25  0.56 1.6 m
1934-638 19 39 25.0384 -63 42 45.659 18.4 2003.4488  41  41 21  31  20  +77  -33  53  92 03 9.99 9.99 1.73 -1.00 -1.00 -1.00 1.6 m
1936-155 19 39 26.6575 -15 25 43.069 18.9 2000.5312  48  47 48  42  34  -03  -10  65  36 14 2.40 1.64 1.17  0.70  0.93  0.11 1.6 m
1937-101 19 39 57.2566 -10 02 41.537 17.3 2000.9543  31  32 46  36  57  +01  -16  47  44 12 3.73 1.89 0.15  0.10  0.04  0.10 1.6 m
1935-692 19 40 25.5289 -69 07 56.875 17.9 2000.4899  17  17 52  48  22  +04  +96  51  41 09 9.99 9.99 0.48  0.35  0.28  0.18 1.6 m
1936-623 19 41 21.7639 -62 11 21.172 20.1 2001.6194  33  30 42  47  19  -32 -116  00  00 01 9.99 9.99 1.83  1.64  0.70  0.39 1.6 m
1954-388 19 57 59.8178 -38 45 06.310 17.7 1999.6035  21  21 33  31  29  -17  +46  18  15 06 1.89 0.40 0.32  0.13  0.01  0.29 1.6 m
1958-179 20 00 57.0924 -17 48 57.652 17.7 2000.4906  44  50 35  50  22  +27  +20  86  51 09 0.00 0.00 1.25  1.22  0.23  0.15 1.6 m
2000-330 20 03 24.1139 -32 51 45.135 18.0 1999.1201  28  28 48  44  29  -30   -2  17  47 06 4.18 1.80 1.06  0.47  0.80  0.52 1.6 m
2005-489 20 09 25.3950 -48 49 53.687 13.6 1998.6519  17  17 50  41  22  +42  +35  00  00 01 2.27 2.04 1.73  1.66  0.43  0.26 0.6 m
2008-159 20 11 15.7094 -15 46 40.294 17.4 2003.4408  13  13 54  47  22  -21  -41  22  25 06 1.86 0.91 1.61  0.82  1.37  0.23 1.6 m
2029+121 20 31 54.9950 +12 19 41.315 18.0 1995.5229  47  47 51  55  25  +10  -25  67  96 02 3.22 0.40 1.73 -1.00 -1.00 -1.00 1.6 m
2037-253 20 40 08.7732 -25 07 46.743 18.5 2004.7730  16  16 49  43  25  +04  -80  23  23 24 9.99 9.99 1.66  0.78  1.15  0.90 1.6 m
2052-474 20 56 16.3609 -47 14 47.571 17.9 1997.9427  22  22 42  37  13  +10  +56  23  32 05 3.54 1.72 0.29  0.06  0.03  0.28 1.6 m
2059+034 21 01 38.8319 +03 41 31.334 18.3 2002.0071  39  39 57  44  16  -34  +12  37  33 11 2.06 0.56 0.53  0.37  0.38  0.06 0.6 m
2058-425 21 01 59.1149 -42 19 16.155 17.9 1998.6702  17  17 46  36  16  +08  +07  48  24 04 9.99 9.99 1.46  1.05  0.67  0.76 1.6 m
2059-786 21 05 44.9480 -78 25 34.562 17.5 2006.3294  41  43 41  49  16  -40  -14  00  00 01 9.99 9.99 0.00  0.00  0.00  0.00 1.6 m
2106-413 21 09 33.1913 -41 10 20.656 18.7 1998.7229  19  19 20  23  18  +30  -50  66  14 05 4.43 2.29 1.03  0.82  0.20  0.59 1.6 m
2115-305 21 18 10.5967 -30 19 11.583 16.5 1999.0004  29  29 36  30  15  -12  +22  26  27 03 9.99 9.99 0.88  0.81  0.19  0.30 1.6 m
2121+053 21 23 44.5186 +05 35 22.091 18.8 1995.9510  54  60 08  08  18  +17  -02  45  29 05 2.91 0.00 2.74  2.58  0.33  0.86 1.6 m
2126-158 21 29 12.1776 -15 38 41.067 17.3 2005.6851  07  07 33  16  18  +24  -26  20  21 32 2.54 0.81 1.57  1.13  1.08  0.19 1.6 m
2128-123 21 31 35.2549 -12 07 04.839 15.9 2004.0692  09  09 65  37  17 -100  -43  53  30 39 3.99 1.95 0.00  0.00  0.00  0.00 1.6 m
2134+004 21 36 38.5855 +00 41 54.227 17.2 1997.6637  27  27 46  46  16  -11  +13  67  22 03 4.17 0.00 0.63  0.03  0.50  0.38 0.6 m
2136+141 21 39 01.3076 +14 23 36.027 18.6 2000.1564  66  62 49  34  24  -24  +34  18  31 04 2.71 1.64 0.82  0.54  0.52  0.34 1.6 m
2143-156 21 46 22.9794 -15 25 43.848 18.0 1999.8374  21  21 43  32  11  +00  +37  31  18 05 2.92 1.95 0.17  0.14  0.08  0.06 1.6 m
2144+092 21 47 10.1643 +09 29 46.678 18.0 1998.6984  81  92 47  40  26  +19  +05  39 124 03 3.69 0.20 0.81  0.50  0.57  0.28 0.6 m
2142-758 21 47 12.7406 -75 36 13.232 17.4 1997.6608  16  16 49  52  14  +38  -06  63  24 03 9.99 9.99 0.64  0.57  0.23  0.18 0.6 m
2145+067 21 48 05.4570 +06 57 38.616 16.8 1998.2693  26  27 30  22  19  -25  +11  51  63 05 2.80 1.64 0.38  0.32  0.20  0.03 1.6 m
2149-307 21 51 55.5259 -30 27 53.636 18.0 1998.3616  23  23 24  46  10  +24  +61  11  25 03 9.99 9.99 0.75  0.62  0.17  0.38 1.6 m
2150+173 21 52 24.8198 +17 34 37.836 18.8 2001.6173  12  12 27  34  22  +05  +41  33  10 03 2.50 1.83 1.13  0.85  0.50  0.55 1.6 m
2152-699 21 57 05.9846 -69 41 23.621 16.4 2001.3316  14  14 44  59  18  +21  +64  20  53 05 9.99 9.99 3.48  2.82  2.04  0.04 1.6 m
2155-152 21 58 06.2824 -15 01 09.333 18.9 1999.8682  84  87 21  26  13  +07   -6  80  62 05 3.44 1.00 2.32  1.53  1.67  0.51 1.6 m
2155-304 21 58 52.0659 -30 13 32.185 13.5 2000.6397  11  10 40  24  15  +10  -67  36  44 04 2.06 1.41 2.95  1.41  1.59  2.04 1.6 m
2204-540 22 07 43.7291 -53 46 33.817 18.3 1997.2218  25  25 30  45  12  -36   +3  36  55 05 9.99 9.99 0.40  0.19  0.32  0.14 1.6 m
2210-257 22 13 02.4992 -25 29 30.077 17.7 2002.6414  32  30 30  37  11  +16  +04  78  62 06 3.07 2.11 0.82  0.65  0.46  0.20 1.6 m
2216-038 22 18 52.0403 -03 35 36.824 17.0 1999.6030  40  40 65  39  10  +38  +55  12  27 07 3.63 0.00 2.15  2.02  0.07  0.73 0.6 m
2223-052 22 25 47.2570 -04 57 01.341 17.5 1999.0176  39  39 54  35  11  -34  +49  40  14 08 1.98 2.46 1.12  1.02  0.42  0.20 1.6 m
2227-088 22 29 40.0820 -08 32 54.477 18.3 2000.9984  43  44 27  23  10  -34  -41  28  50 05 1.72 9.99 0.56  0.32  0.12  0.44 1.6 m
2227-399 22 30 40.2770 -39 42 52.097 17.8 1999.7143  15  16 53  41  12  -18  -29  33  20 02 9.99 9.99 0.59  0.50  0.20  0.23 1.6 m
2230+114 22 32 36.4111 +11 43 50.894 16.7 1998.7012  59  55 59  47  15  +32  -09  37  38 03 3.81 3.21 1.45  0.07  1.40  0.36 0.6 m
2232-488 22 35 13.2330 -48 35 58.744 17.3 1997.6854  24  24 30  35  05  -35  +50  32  17 02 2.29 1.08 0.36  0.20  0.23  0.20 0.6 m
2233-148 22 36 34.0888 -14 33 22.169 18.3 2003.0525  56  56 26  39  07  +24  +20  42  63 12 3.77 2.31 1.13  0.91  0.67  0.01 0.6 m
2243-123 22 46 18.2346 -12 06 51.263 16.6 1999.6742  23  23 50  29  14  +38  +13  29  19 06 3.18 2.09 0.58  0.12  0.48  0.30 1.6 m
2251+158 22 53 57.7471 +16 08 53.586 16.5 1998.2971  21  21 42  37  15  -11  +25  16  32 05 3.15 2.50 0.87  0.08  0.74  0.46 1.6 m
2254+074 22 57 17.3053 +07 43 12.289 16.5 1999.3157  49  57 32  51  15  +32  -14  16  32 03 1.89 1.56 0.74  0.52  0.52  0.01 1.6 m
2254+024 22 57 17.5618 +02 43 17.498 18.1 1999.2856  57  56 33  26  10  -18  -14  19  43 05 0.81 1.86 0.00  0.00  0.00  0.00 1.6 m
2255-282 22 58 05.9652 -27 58 21.178 17.0 1997.6609  22  22 56  63  08  +29  +78  40  29 03 1.46 2.31 0.44  0.34  0.25  0.14 0.6 m
2300-683 23 03 43.5591 -68 07 37.432 17.3 2001.1039  25  25 26  32  15  -36  +25  26  77 04 9.99 9.99 1.48  1.25  0.78  0.12 1.6 m
2311-452 23 14 09.3822 -44 55 49.288 19.1 1999.7144 100  87 65  14  17  -06  -50  33  72 03 9.99 9.99 2.32  1.05  0.85  1.88 1.6 m
2312-319 23 14 48.4973 -31 38 39.445 18.2 1997.6666  50  49 63  37  05  -42  +81  13  21 02 9.99 9.99 0.53  0.26  0.12  0.45 0.6 m
2318+049 23 20 44.8519 +05 13 49.885 18.6 2000.3259  32  32 35  41  16  -70  -66  44  30 06 2.20 1.64 0.00  0.00  0.00  0.00 1.6 m
2320-035 23 23 31.9501 -03 17 05.012 17.3 2000.9302  32  32 53  31  10  -55  +10  16  38 06 3.23 2.34 0.94  0.86  0.25  0.30 1.6 m
2325-150 23 27 47.9581 -14 47 55.714 18.9 2004.6014  71  67 58  41  09  -89  +37  23  07 02 2.48 1.41 1.10  0.18  1.08  0.12 0.6 m
2326-477 23 29 17.7000 -47 30 19.084 16.7 1999.7087  17  17 32  64  08  -44  +30  68  27 05 3.70 3.16 1.20  1.11  0.21  0.39 1.6 m
2328+107 23 30 40.8525 +11 00 18.704 18.4 1998.3902  41  39 39  35  14  +03  -05  29 100 04 3.86 2.29 1.35  1.21  0.07  0.59 0.6 m
2329-162 23 31 38.6523 -15 56 57.000 17.4 1999.7171  65 119 57  35  09  -01  +10  00  00 01 3.08 2.01 1.45  1.08  0.48  0.84 1.6 m
2329-384 23 31 59.4847 -38 11 47.682 17.6 1998.6496  27  27 38  38  07 +101  -31  30  03 03 1.95 1.16 0.00  0.00  0.00  0.00 0.6 m
2331-240 23 33 55.2397 -23 43 40.695 17.8 1998.6521  45  58 51  45  06  +26  -36   1  24  2 9.99 9.99 0.00  0.00  0.00  0.00 0.6 m
2335-027 23 37 57.3355 -02 30 57.756 19.2 2000.5826  40  40 64  24  05  -53 -127  00  00  1 3.55 1.76 1.06  0.32  1.00  0.13 0.6 m
2344+092 23 46 36.8384 +09 30 45.519 17.7 2000.3260  86  76 19  26  08  -02  +03  03  05  6 3.30 2.95 0.00  0.00  0.00  0.00 1.6 m
2353-686 23 56 00.6895 -68 20 03.413 17.5 1999.9245  24  24 28  49  07  +44  +58  26  60 04 9.99 9.99 0.00  0.00  0.00  0.00 1.6 m
2355-534 23 57 53.2664 -53 11 13.722 18.7 1998.6497  43  42 55  47  14  +03  -33  00  00 01 9.99 9.99 0.58  0.00  0.52  0.25 0.6 m
2355-106 23 58 10.8790 -10 20 08.582 18.6 1998.6467  41  35 55  66  07  -50  +29  54  19 02 0.69 0.00 0.00  0.00  0.00  0.00 0.6 m
