 35   30   38   34   41   33   27   25   35   44   36   43   30   37  
 34   31   32   46   38   34   23   21   31   37   47   47   31   36  
 25   33   43   40   33   27   23   28   28   49   42   52   30   35  
 31   35   32   47   28   30   33   28   26   38   49   40   32   39  
 29   34   46   37   38   30   32   24   35   35   47   46   26   29  
 36   34   35   45   48   27   27   30   26   35   45   38   35   27  
 28   43   48   41   43   27   27   29   25   36   42   28   45   26  
 28   29   40   42   39   22   30   34   26   44   45   37   29   43  
 31   30   45   37   34   36   21   32   22   41   49   40   38   32  
 33   37   37   38   37   33   26   31   30   34   43   38   49   22  
 33   45   30   44   44   32   25   33   23   30   48   42   33   26  
 38   36   40   48   33   27   29   29   25   38   45   30   40   30  
 23   40   35   44   38   16   24   35   36   34   53   39   36   35  
 25   32   43   41   34   30   25   26   38   39   40   36   40   39  
 31   34   37   32   36   36   25   25   41   37   42   39   34   39  
 30   45   37   36   44   26   28   27   31   34   47   35   33   35  
 31   37   34   48   48   24   35   23   26   24   51   42   37   28  
 32   34   51   41   38   31   34   37   29   30   32   33   34   32  
 32   41   35   45   37   32   37   22   26   38   45   30   45   23  
 37   36   48   41   37   28   30   24   29   36   37   34   40   31  
 28   50   34   36   26   28   26   26   28   42   55   48   31   30  
 24   38   37   48   40   29   27   31   26   36   52   39   33   28  
 32   32   45   52   38   26   32   30   31   25   43   33   38   31  
 29   27   29   44   38   36   34   25   29   43   39   35   43   37  
 30   31   40   49   32   29   29   20   34   35   49   41   32   37  
 32   30   30   50   33   28   21   26   33   39   46   43   40   37  
 29   30   37   52   33   35   44   26   29   27   35   30   42   39  
 29   41   55   38   37   32   30   23   29   30   30   43   37   34  
 33   33   31   45   40   20   35   26   41   39   36   39   41   29  
 37   31   53   38   45   30   26   32   24   32   49   25   30   36  
 23   44   32   40   39   29   27   31   36   38   39   38   37   35  
 36   42   32   36   33   28   30   27   34   43   49   35   28   35  
 26   38   29   40   35   34   28   34   32   45   37   31   45   34  
 35   34   44   34   35   28   39   18   34   45   40   37   33   32  
 30   32   43   39   41   30   29   31   36   30   45   47   28   27  
 33   35   32   53   36   35   26   26   33   33   45   37   35   29  
 30   39   36   39   32   25   31   30   28   35   48   42   32   41  
 31   38   44   45   48   33   23   30   24   29   34   38   37   34  
 33   42   42   45   38   26   33   26   26   35   37   36   39   30  
 27   33   36   43   30   31   23   30   30   30   46   44   47   38  
 29   30   45   43   33   38   28   33   29   29   43   43   37   28  
 26   33   35   52   46   23   30   32   26   40   38   38   44   25  
 38   41   47   38   28   33   30   32   24   36   40   40   28   33  
 35   36   36   35   47   26   27   23   30   38   51   31   37   36  
 33   38   35   52   32   25   24   38   34   35   45   37   30   30  
 29   29   33   50   40   26   28   28   27   37   40   43   49   29  
 28   42   33   43   39   27   38   25   30   29   44   39   42   29  
 21   36   35   48   40   29   25   30   39   33   38   43   39   32  
 30   36   34   43   41   36   24   22   30   38   41   47   33   33  
 23   38   41   34   44   27   26   37   36   26   42   38   38   38  
 37   31   46   45   33   34   22   26   29   34   46   38   35   32  
 33   41   46   42   34   36   23   32   27   36   49   31   30   28  
 30   35   32   38   31   38   28   25   35   44   46   41   34   31  
 29   33   42   58   29   33   27   28   27   38   41   46   26   31  
 33   37   46   44   33   27   26   27   38   26   35   49   41   26  
 35   32   41   49   35   26   25   26   24   38   40   47   39   31  
 38   33   39   40   35   32   26   30   39   39   40   41   29   27  
 33   41   41   33   44   25   24   25   22   45   52   49   31   23  
 31   30   33   52   39   36   33   22   23   37   33   40   42   37  
 31   26   40   39   31   35   35   27   24   42   48   30   46   34  
 33   34   40   44   42   25   27   35   28   31   53   32   37   27  
 34   40   30   43   37   33   24   33   32   35   46   37   36   28  
 30   35   30   42   48   41   25   27   25   40   37   39   37   32  
 34   35   38   39   47   29   31   21   21   41   45   47   34   26  
 29   41   48   53   46   39   30   21   24   26   37   37   28   29  
 32   35   43   33   35   29   37   34   25   42   33   31   49   30  
 41   30   33   37   42   38   34   28   36   32   37   38   35   27  
 24   37   28   55   40   33   24   32   26   29   48   45   35   32  
 24   37   33   45   31   34   31   30   27   35   51   42   28   40  
 26   30   45   46   30   28   33   31   28   41   38   42   37   33  
 33   24   42   33   37   21   33   38   33   29   48   51   33   33  
 35   32   43   41   34   22   23   34   37   31   47   44   33   32  
 35   37   35   45   37   27   31   30   28   38   39   41   34   31  
 31   30   43   44   34   37   33   21   25   29   41   40   36   44  
 38   28   31   39   43   26   32   31   26   36   48   37   42   31  
 37   32   43   40   31   38   30   29   34   35   42   40   33   24  
 32   36   44   47   51   27   28   27   22   29   46   40   34   25  
 36   32   46   45   44   33   35   23   22   28   35   42   41   26  
 43   29   45   41   43   29   25   24   27   31   53   37   35   26  
 37   37   35   41   36   35   38   28   25   36   34   38   38   30  
 32   35   31   39   42   28   34   23   29   36   48   33   36   42  
 35   37   33   46   43   30   27   27   31   37   46   42   29   25  
 34   41   25   41   46   24   30   31   29   37   50   38   32   30  
 29   33   45   39   23   28   30   31   38   42   39   47   33   31  
 34   37   42   37   42   28   26   18   34   32   51   34   39   34  
 40   29   33   45   44   26   27   30   25   38   42   41   34   34  
 25   40   35   40   34   24   28   32   22   45   47   51   31   34  
 36   29   42   41   39   26   33   29   22   44   38   33   45   31  
 30   37   44   50   30   40   31   25   24   35   54   32   28   28  
 27   28   39   40   29   29   30   32   31   35   42   50   31   45  
 22   30   43   39   39   21   32   29   34   32   46   44   40   37  
 35   35   37   47   29   22   34   30   29   37   49   47   32   25  
 34   28   40   44   39   21   22   27   37   43   38   39   40   36  
 28   35   29   49   33   37   26   34   31   39   43   35   36   33  
 28   30   60   45   37   30   25   28   30   35   42   35   25   38  
 35   34   39   44   36   27   33   34   21   30   39   39   45   32  
 34   33   45   40   29   32   31   30   28   30   43   45   44   24  
 30   41   43   43   34   39   24   23   30   32   43   46   24   36  
 34   48   35   46   37   37   25   25   28   38   36   45   27   27  
 32   36   36   53   34   37   26   32   24   33   42   31   35   37  
 38   38   37   38   39   31   38   19   30   37   52   38   31   22  
 35   30   39   53   37   24   35   35   27   32   41   45   29   26  
 30   28   40   50   30   25   36   31   30   31   42   44   33   38  
 32   38   34   53   42   25   26   34   27   26   42   39   38   32  
 26   36   39   43   38   28   26   31   28   45   42   37   35   34  
 30   34   40   39   43   39   22   26   28   30   40   39   45   33  
 27   47   43   31   36   28   22   30   25   38   45   50   31   35  
 31   36   30   53   31   34   23   30   35   31   48   33   40   33  
 34   37   39   49   32   29   27   29   25   42   47   37   30   31  
 37   34   45   53   47   26   26   37   22   31   41   42   28   19  
 35   30   41   39   43   34   30   29   28   33   44   34   39   29  
 32   35   40   47   30   25   34   37   26   37   42   35   41   27  
 29   34   35   47   26   34   28   36   28   35   40   49   31   36  
 33   28   53   42   28   34   24   24   33   38   40   40   44   27  
 33   33   37   41   24   33   27   38   28   36   43   47   37   31  
 31   36   44   48   30   27   34   29   31   37   49   32   32   28  
 43   32   43   40   34   35   23   33   25   44   35   43   27   31  
 43   22   47   43   31   33   33   35   32   33   36   45   31   24  
 29   35   40   41   43   24   22   34   31   42   31   39   39   38  
 26   39   37   46   30   37   34   22   30   23   50   48   32   34  
 38   38   45   32   40   34   29   26   29   32   48   40   29   28  
 31   38   46   53   37   29   25   25   32   34   40   38   33   27  
 37   38   38   38   40   26   34   36   30   34   33   38   39   27  
 28   26   31   36   37   31   29   27   37   45   48   39   37   37  
 35   36   36   40   33   37   35   32   29   27   38   32   42   36  
 21   35   43   43   30   38   30   25   22   34   46   43   40   38  
 36   36   39   50   34   31   30   26   33   34   37   36   35   31  
 36   38   37   28   41   25   32   28   28   40   43   44   41   27  
 40   36   38   34   29   33   21   31   35   38   42   38   39   34  
 27   37   42   48   43   37   29   27   28   32   38   37   32   31  
 37   39   36   41   26   34   21   26   40   38   33   44   41   32  
 27   30   46   43   29   28   36   19   30   31   45   40   55   29  
 33   41   43   42   37   20   23   31   34   31   52   33   32   36  
 30   40   32   33   29   29   26   30   37   42   48   36   39   37  
 29   32   39   45   40   27   25   30   20   46   41   42   43   29  
 37   29   30   53   27   39   27   33   23   36   43   47   31   33  
 32   35   48   45   38   28   35   28   22   38   46   32   33   28  
 34   32   41   38   37   21   44   33   17   36   50   41   30   34  
 32   45   42   45   36   31   23   22   35   35   39   44   30   29  
 36   34   39   46   36   28   21   32   33   39   44   37   30   33  
 31   34   46   37   31   36   32   29   22   39   42   35   34   40  
 34   29   45   38   33   32   33   27   37   28   47   35   36   34  
 28   33   48   34   28   36   35   22   24   51   47   30   44   28  
 36   36   36   36   38   39   32   29   30   38   47   36   28   27  
 33   32   43   48   31   27   36   22   30   32   50   30   41   33  
 36   21   45   54   29   44   30   22   22   32   34   54   33   32  
 24   37   36   55   38   33   11   37   28   33   38   44   40   34  
 34   45   34   37   31   21   37   28   33   44   43   40   39   22  
 35   40   35   50   38   31   20   27   38   46   34   35   31   28  
 37   41   44   54   36   27   26   23   28   32   50   44   28   18  
 31   35   39   44   44   30   25   37   23   36   50   28   34   32  
 39   27   35   41   35   32   20   37   25   37   57   38   37   28  
 40   33   39   39   32   32   26   37   31   36   37   42   39   25  
 31   32   45   44   38   25   29   28   29   46   41   43   36   21  
 34   35   36   27   29   35   33   32   39   33   43   39   38   35  
 38   29   32   45   44   27   26   27   31   37   47   36   38   31  
 33   40   50   42   43   34   28   25   27   39   40   32   27   28  
 28   36   36   50   44   36   20   30   29   28   48   41   35   27  
 33   31   43   48   37   36   35   21   32   35   43   35   29   30  
 24   33   38   58   37   36   21   32   23   32   57   38   27   32  
 30   37   37   36   33   34   27   38   29   31   53   36   32   35  
 27   31   46   43   36   31   30   26   46   35   46   29   28   34  
 39   37   33   41   41   32   28   39   27   29   41   40   28   33  
 35   38   40   33   25   34   21   37   34   43   47   39   33   29  
 27   34   38   44   33   26   28   31   31   34   56   36   37   33  
 30   38   44   36   29   36   31   37   36   29   49   29   38   26  
 24   47   49   38   48   21   26   29   23   33   48   39   31   32  
 40   29   36   47   32   40   25   32   33   29   46   32   37   30  
 27   41   35   49   28   23   29   26   35   45   45   38   40   27  
 26   31   33   35   35   38   29   28   26   39   48   37   40   43  
 26   41   32   52   34   27   26   24   24   36   45   40   38   43  
 28   38   37   55   46   33   33   24   15   41   41   38   30   29  
 45   25   41   44   28   32   30   30   34   33   45   40   32   29  
 40   38   42   40   28   35   26   22   29   44   37   37   41   29  
 34   39   34   47   40   31   37   33   32   32   39   30   29   31  
 42   32   34   47   36   31   32   35   29   29   43   30   31   37  
 22   39   44   40   34   25   30   35   25   34   48   38   39   35  
 27   42   41   48   38   23   33   20   41   42   29   39   36   29  
 33   34   32   41   44   28   32   29   26   37   41   43   37   31  
 33   33   36   42   36   25   35   30   24   34   39   48   43   30  
 32   46   44   39   42   25   24   24   29   30   51   39   34   29  
 32   33   45   45   38   26   22   31   30   34   36   49   36   31  
 24   33   47   44   43   29   25   32   34   34   34   37   36   36  
 32   27   48   49   35   30   27   32   33   34   33   37   45   26  
 27   34   35   51   33   24   40   24   24   43   37   44   43   29  
 34   34   41   43   34   32   29   24   30   32   49   48   32   26  
 30   32   37   41   40   34   31   35   30   29   37   42   36   34  
 36   33   50   41   32   23   28   28   31   44   45   39   32   26  
 36   42   43   46   39   27   35   32   27   27   55   37   23   19  
 38   34   37   46   42   33   38   24   23   34   35   36   34   34  
 27   49   39   39   27   29   32   26   35   40   35   46   33   31  
 38   31   30   40   38   27   26   38   32   33   41   33   40   41  
 32   27   40   45   31   17   34   39   24   40   39   37   40   43  
 30   31   43   50   31   30   26   36   36   35   37   41   36   26  
 42   27   51   37   31   34   34   30   28   31   39   39   34   31  
 30   38   38   34   32   28   25   24   33   42   45   56   35   28  
 33   38   36   52   33   27   30   20   31   39   50   44   31   24  
 39   34   38   38   40   32   32   30   28   37   41   39   34   26  
 32   43   41   48   30   35   26   21   37   38   42   30   35   30  
 36   36   40   35   34   25   30   27   33   41   40   42   33   36  
 38   43   40   47   43   25   28   36   25   39   30   36   35   23  
 36   44   37   46   40   36   27   31   35   30   36   32   28   30  
 25   39   32   45   32   39   34   27   26   28   42   52   31   36  
 34   37   41   37   40   32   34   28   29   39   40   39   32   26  
 26   46   46   46   36   30   28   37   30   26   39   37   31   30  
 36   43   37   33   35   36   29   27   24   44   39   38   36   31  
 27   45   38   43   37   35   29   26   23   44   40   35   34   32  
 37   35   45   43   41   28   36   28   14   37   39   41   33   31  
 24   31   42   36   32   39   31   33   32   43   32   47   27   39  
 33   31   40   49   37   27   33   26   24   35   47   39   40   27  
 26   40   43   39   40   28   20   29   33   42   47   35   39   27  
 31   37   41   38   40   30   34   35   25   37   34   31   41   34  
 33   34   38   34   38   31   22   30   34   29   48   46   40   31  
 35   32   48   39   29   23   25   31   39   36   46   40   37   28  
 31   39   35   34   38   37   28   31   32   33   47   28   40   35  
 37   27   41   43   28   40   27   34   29   24   49   41   35   33  
 29   40   34   30   36   31   39   20   30   31   44   44   47   33  
 31   34   31   50   40   35   29   31   27   33   30   44   41   32  
 31   31   40   39   39   32   25   36   28   38   36   35   42   36  
 38   38   40   41   37   34   27   29   26   29   45   44   36   24  
 33   27   36   42   50   34   21   31   26   46   32   47   27   36  
 26   35   46   37   38   34   23   29   22   34   40   51   43   30  
 29   24   47   43   40   35   24   28   39   20   49   43   35   32  
 35   28   41   47   33   25   25   31   38   34   39   40   38   34  
 46   35   40   43   37   32   23   30   32   30   41   48   30   21  
 28   36   45   35   43   28   28   35   34   36   41   38   33   28  
 41   37   35   40   47   25   31   20   27   45   38   42   35   25  
 31   38   34   35   35   30   26   29   29   40   47   46   35   33  
 34   36   36   40   40   23   27   22   37   41   45   41   32   34  
 24   32   52   37   35   27   30   25   39   39   37   43   32   36  
 34   32   34   44   29   31   35   25   22   38   48   50   38   28  
 27   39   42   44   32   28   14   36   38   33   44   35   35   41  
 23   38   36   40   38   34   27   28   26   40   41   55   33   29  
 36   46   41   34   43   34   26   29   25   28   42   35   39   30  
 35   35   41   38   30   33   34   28   27   33   43   42   40   29  
 31   39   43   36   41   25   30   27   34   36   40   34   34   38  
 34   39   39   47   39   34   23   30   32   33   46   29   35   28  
 25   32   35   48   43   30   27   31   28   36   41   40   38   34  
 28   37   38   52   26   31   26   36   26   33   43   42   42   28  
 29   25   47   35   47   28   33   26   32   37   31   43   48   27  
 27   31   40   41   45   30   28   33   30   37   41   35   30   40  
 37   38   35   52   29   26   26   27   38   33   42   46   29   30  
 20   41   42   44   25   39   22   29   33   40   47   44   33   29  
 34   31   39   45   42   32   30   36   20   36   42   38   30   33  
 28   35   37   44   32   28   30   32   27   34   49   44   32   36  
 39   23   44   47   27   26   28   31   32   36   43   40   44   28  
 30   36   37   44   39   24   16   29   41   32   50   40   35   35  
 35   39   40   43   35   34   30   31   43   36   36   34   23   29  
 34   45   42   46   35   25   34   18   29   32   41   38   36   33  
 35   27   44   35   37   29   29   28   18   41   43   49   35   38  
 44   37   30   48   37   28   20   31   27   38   38   41   37   32  
 27   39   27   45   34   31   23   25   36   40   41   50   35   35  
 32   31   44   50   46   26   27   27   29   35   35   36   45   25  
 33   34   43   43   37   29   37   35   19   29   53   29   40   27  
 32   34   44   34   37   34   35   25   29   33   36   29   44   42  
 28   38   37   39   34   42   36   23   25   26   51   47   29   33  
 26   28   36   51   36   39   32   30   26   37   31   33   43   40  
 31   41   42   53   31   31   26   33   39   28   37   31   35   30  
 43   40   37   37   38   34   29   30   22   32   41   40   30   35  
 26   31   44   51   31   29   26   36   31   36   35   44   32   36  
 30   30   42   38   36   37   29   26   28   41   39   38   41   33  
 42   38   35   40   45   29   26   22   33   34   51   34   36   23  
 26   39   49   39   40   32   25   39   34   37   43   32   25   28  
 40   38   38   48   42   30   29   26   27   37   36   43   33   21  
 31   29   34   46   29   49   25   24   32   35   45   47   34   28  
 33   26   35   41   38   27   31   29   36   42   42   38   37   33  
 28   36   47   47   32   39   26   27   36   39   36   43   28   24  
 33   37   52   39   30   25   24   31   30   42   37   42   36   30  
 22   33   42   33   41   28   21   37   30   36   46   39   36   44  
 33   28   37   46   33   32   23   35   28   37   37   40   45   34  
 35   31   40   43   32   29   33   31   37   40   39   40   36   22  
 25   38   43   46   32   31   20   33   35   43   51   41   26   24  
 27   37   37   48   31   27   37   25   26   35   39   52   35   32  
 33   36   27   48   32   36   24   29   31   39   40   50   31   32  
 31   30   50   45   31   30   30   23   31   46   37   44   28   32  
 32   31   38   44   31   29   28   40   30   35   41   33   39   37  
 28   38   34   46   37   25   27   24   36   34   46   43   40   30  
 27   40   43   48   20   30   27   40   29   35   46   37   34   32  
 34   37   39   50   35   30   24   30   29   35   48   32   31   34  
 35   28   36   44   36   31   23   28   23   45   48   49   28   34  
 40   35   43   32   39   41   34   33   22   35   39   41   23   31  
 34   43   31   41   30   32   24   34   32   38   45   44   32   28  
 29   31   36   48   34   23   35   35   22   30   45   42   43   35  
 40   34   30   51   27   30   29   29   35   36   41   44   35   27  
 30   29   42   40   44   30   27   26   32   37   41   38   31   41  
 33   31   39   44   37   40   32   29   33   40   33   30   32   35  
 30   39   37   62   27   32   21   34   29   37   41   43   29   27  
 32   42   40   40   38   25   29   25   33   37   48   45   31   23  
 42   29   33   41   42   31   32   40   21   34   34   38   41   30  
 35   31   44   44   25   23   26   34   38   38   36   41   38   35  
 28   39   41   46   36   35   35   19   31   32   46   35   37   28  
 39   29   57   47   33   39   25   22   35   30   36   42   31   23  
 33   36   34   37   38   30   27   34   19   44   29   48   47   32  
 25   42   45   50   26   43   35   26   25   34   40   29   38   30  
 36   30   44   38   33   35   30   24   26   32   50   33   39   38  
 30   33   33   43   36   32   23   25   52   33   42   48   25   33  
 41   32   47   38   33   29   26   31   29   41   40   35   32   34  
 27   34   43   54   26   35   30   23   34   38   38   39   36   31  
 21   29   33   34   41   30   25   25   42   39   42   43   48   36  
 36   44   31   40   40   32   33   23   30   31   41   39   31   37  
 30   29   43   50   39   22   30   35   40   33   39   33   36   29  
 35   28   38   47   33   32   26   32   31   42   36   42   27   39  
 29   28   38   47   34   33   28   39   23   34   36   45   37   37  
 35   40   34   44   23   24   31   27   34   40   53   41   32   30  
 20   37   50   59   35   29   28   31   26   28   36   35   46   28  
 35   31   45   42   41   29   23   33   23   41   39   40   40   26  
 33   32   45   36   37   34   25   30   30   35   49   32   33   37  
 35   27   42   34   40   26   39   26   25   34   47   47   41   25  
 21   42   42   33   29   33   37   31   24   44   43   35   44   30  
 37   37   41   39   37   32   27   25   29   39   50   38   32   25  
 28   42   42   40   29   27   24   26   21   52   54   44   27   32  
 29   34   39   49   36   36   27   31   33   34   42   40   30   28  
 33   42   30   35   33   31   31   32   22   45   39   46   33   36  
 31   28   48   36   35   25   37   26   33   42   39   44   34   30  
 33   35   36   48   34   22   28   29   38   32   48   40   30   35  
 36   38   44   25   41   23   28   42   28   43   41   35   33   31  
 31   37   30   54   38   35   33   26   32   36   40   35   33   28  
 34   32   51   40   34   30   26   26   33   39   40   33   34   36  
 33   33   37   50   37   37   28   26   24   35   49   36   39   24  
 21   32   42   45   47   28   31   30   33   30   40   42   31   36  
 39   36   40   49   29   26   36   21   26   38   47   36   32   33  
 38   34   47   46   26   29   29   32   23   43   31   48   38   24  
 26   43   40   32   45   29   30   24   29   37   51   38   32   32  
 32   39   40   41   40   27   38   31   25   46   44   24   30   31  
 32   37   32   45   37   28   25   27   40   41   38   48   27   31  
 21   37   43   33   40   32   22   36   33   33   57   33   31   37  
 29   41   32   47   36   29   30   30   32   26   44   35   34   43  
 36   31   30   39   32   35   24   27   36   47   37   42   36   36  
 29   39   37   45   34   34   32   33   29   27   49   36   29   35  
 35   30   45   56   28   32   31   34   23   40   33   55   19   27  
 31   37   42   39   24   34   27   28   31   31   49   35   41   39  
 34   27   43   38   33   25   41   27   28   38   43   28   50   33  
 30   25   31   44   33   35   32   28   29   36   49   41   44   31  
 35   33   27   32   44   26   34   30   25   39   55   35   42   31  
 40   39   39   47   31   31   23   29   29   41   33   42   34   30  
 38   27   47   43   37   32   24   32   27   32   39   46   34   30  
 34   37   43   40   33   34   35   23   29   43   46   28   31   32  
 39   32   48   43   31   24   31   34   36   30   39   37   37   27  
 34   41   48   31   38   22   33   35   38   36   32   36   30   34  
 36   42   42   30   39   34   32   22   29   34   53   31   29   35  
 39   33   37   36   38   28   28   32   32   27   43   46   30   39  
 35   28   36   58   42   36   31   24   28   38   38   32   36   26  
 36   43   29   41   52   29   29   31   19   34   41   41   27   36  
 30   19   37   47   35   33   22   26   38   25   44   55   42   35  
 39   31   26   50   38   35   31   31   35   38   35   38   39   22  
 24   31   37   50   44   27   28   34   24   44   38   39   40   28  
 30   33   47   50   36   31   23   36   28   37   36   38   34   29  
 47   32   42   46   46   20   28   28   31   39   30   43   35   21  
 33   38   43   44   30   19   32   29   33   42   49   31   34   31  
 29   24   33   43   41   30   30   30   35   30   37   46   40   40  
 36   23   49   39   32   30   36   32   34   32   40   38   39   28  
 27   36   32   50   30   26   26   34   33   45   43   32   43   31  
 28   30   33   44   32   32   34   28   29   36   43   51   27   41  
 28   37   34   33   34   32   27   20   28   33   58   43   48   33  
 33   43   36   39   39   24   37   25   30   34   47   36   34   31  
 40   41   43   42   34   37   25   30   23   39   43   34   33   24  
 25   37   35   32   34   33   29   25   36   29   51   43   34   45  
 47   37   30   48   23   24   32   30   30   36   38   46   30   37  
 31   28   38   39   33   28   29   35   35   24   46   33   54   35  
 24   45   50   34   36   26   35   23   35   33   34   46   36   31  
 33   27   32   45   32   37   21   28   30   31   50   51   36   35  
 37   27   38   38   42   33   32   20   29   34   44   46   36   32  
 29   34   46   43   52   32   21   31   35   33   31   36   34   31  
 28   43   39   48   35   25   28   21   30   49   32   40   33   37  
 40   33   40   38   35   31   30   24   29   39   52   37   36   24  
 27   39   37   50   32   30   22   32   28   40   50   37   33   31  
 28   34   35   44   42   27   23   34   33   33   44   43   34   34  
 36   35   41   29   35   29   26   31   32   38   42   45   37   32  
 33   39   43   45   40   30   32   23   31   42   38   37   22   33  
 34   26   46   50   37   33   31   23   28   31   42   38   41   28  
 31   41   34   56   26   34   30   28   31   34   32   45   33   33  
 33   33   44   44   33   31   31   32   30   25   47   35   43   27  
 38   34   42   36   38   31   35   30   22   41   38   36   37   30  
 33   36   46   51   51   27   33   29   25   32   33   37   28   27  
 33   38   41   45   28   28   22   30   47   40   32   37   39   28  
 34   28   38   45   34   27   27   25   42   40   39   43   35   31  
 32   35   43   46   26   33   29   32   30   43   36   40   31   32  
 42   30   40   53   35   28   30   33   25   39   36   30   39   28  
 28   36   38   46   37   39   25   27   28   41   41   48   25   29  
 27   27   39   34   36   35   36   18   27   40   35   55   37   42  
 34   35   38   37   41   27   34   24   36   38   45   41   29   29  
 25   41   37   41   34   30   19   27   35   37   46   47   35   34  
 25   31   46   43   48   34   35   29   20   35   35   34   42   31  
 32   40   44   36   49   26   30   22   39   33   40   30   38   29  
 27   37   42   42   29   35   27   31   34   36   43   49   26   30  
 22   47   44   40   35   28   27   34   30   37   43   40   32   29  
 26   39   36   48   36   33   29   31   24   40   44   33   34   35  
 26   33   40   45   37   33   24   23   36   37   32   52   31   39  
 37   43   47   38   35   23   29   23   36   33   46   44   29   25  
 32   31   43   44   30   35   27   24   27   34   45   43   40   33  
 32   37   38   53   28   21   34   24   33   48   35   33   37   35  
 37   33   43   49   25   29   25   24   31   42   46   38   37   29  
 25   52   31   37   38   26   28   32   38   36   42   37   40   26  
 27   35   31   46   26   33   26   41   26   35   49   48   30   35  
 35   37   45   43   32   28   19   36   33   39   42   33   36   30  
 37   38   42   33   45   26   32   29   36   34   40   32   29   35  
 28   36   45   44   30   23   28   29   29   40   43   44   36   33  
 41   28   36   44   47   19   31   30   28   40   42   40   31   31  
 38   44   46   41   38   28   35   24   28   34   40   37   32   23  
 31   25   57   30   37   34   26   28   31   37   41   35   39   37  
 31   22   45   39   36   29   30   32   31   32   50   51   33   27  
 33   38   46   47   28   28   27   25   26   45   37   45   30   33  
 27   30   41   44   48   34   26   30   28   36   44   36   34   30  
 27   26   34   46   28   25   35   33   35   36   46   43   38   36  
 28   38   38   49   26   29   22   30   30   37   39   50   33   39  
 33   41   34   57   40   16   35   35   29   30   40   34   28   36  
 30   25   48   47   32   33   34   33   32   35   45   32   26   36  
 32   33   48   45   40   20   42   26   34   29   33   41   37   28  
 42   34   47   41   39   25   30   27   27   37   43   34   34   28  
 28   33   35   64   32   26   25   36   30   36   45   34   34   30  
 30   34   49   44   36   28   23   36   32   35   37   36   32   36  
 42   32   40   49   32   25   31   30   34   41   41   38   26   27  
 29   30   32   51   30   31   30   27   38   40   49   25   40   36  
 27   33   37   37   29   27   34   30   33   44   40   43   28   46  
 32   37   35   38   38   33   28   35   24   40   42   37   42   27  
 31   39   40   35   30   33   29   29   34   42   41   43   36   26  
 23   34   39   49   36   31   24   33   25   32   51   41   38   32  
 36   29   49   40   30   38   32   29   38   25   43   35   36   28  
 27   33   39   41   39   35   33   24   32   45   35   46   35   24  
 35   35   31   32   40   24   29   30   34   45   51   30   36   36  
 30   37   41   40   35   19   25   32   31   42   42   45   45   24  
 38   40   32   26   42   28   32   25   27   42   53   31   46   26  
 30   29   44   57   39   32   32   19   26   31   46   45   34   24  
 29   25   40   44   47   33   25   25   30   40   47   36   46   21  
 37   45   37   37   43   34   25   28   27   33   35   45   26   36  
 37   37   40   39   26   29   32   26   34   35   46   42   33   32  
 26   32   42   44   39   36   29   34   28   34   41   40   40   23  
 29   39   39   45   29   33   28   28   24   44   49   35   35   31  
 37   37   37   37   37   34   22   34   24   45   42   42   29   31  
 31   47   52   36   23   32   32   23   27   39   50   34   33   29  
 40   34   46   46   37   37   24   31   29   29   41   33   31   30  
 27   45   34   51   34   36   19   27   29   38   49   42   27   30  
 25   44   45   44   35   39   27   33   27   26   40   35   27   41  
 36   34   52   40   44   33   29   27   25   30   41   40   34   23  
 28   33   37   48   43   32   32   24   31   40   46   34   28   32  
 28   35   38   55   29   30   23   40   25   41   51   35   29   29  
 41   22   28   40   47   29   22   36   28   40   43   45   35   32  
 26   32   39   46   38   28   30   28   33   34   47   40   32   35  
 27   28   51   40   36   40   29   21   29   38   43   42   27   37  
 29   43   36   49   27   29   20   38   28   38   38   47   36   30  
 29   34   41   32   38   29   24   31   44   41   38   39   31   37  
 23   39   46   46   36   27   37   34   32   31   37   33   35   32  
 28   31   41   48   40   39   27   30   28   37   38   36   38   27  
 21   37   45   44   35   31   22   33   35   37   43   43   35   27  
 44   37   32   45   40   32   30   27   28   41   38   39   28   27  
 38   30   35   39   34   32   32   25   34   39   48   39   34   29  
 36   26   44   46   41   23   42   25   32   34   32   37   41   29  
 31   34   41   45   35   30   26   25   35   29   52   43   25   37  
 32   39   46   45   33   28   24   39   30   35   51   26   29   31  
 36   37   38   57   40   27   28   30   34   35   39   31   36   20  
 28   33   46   36   43   35   33   18   28   31   36   43   35   43  
 35   35   35   47   43   26   24   28   33   40   44   29   37   32  
 30   34   43   42   40   31   25   28   38   27   49   36   43   22  
 32   49   36   51   33   34   28   28   24   31   39   38   37   28  
 29   37   45   46   32   29   21   28   41   31   41   45   31   32  
 42   33   48   48   42   28   26   21   24   37   41   34   33   31  
 35   30   41   45   29   39   29   33   31   28   46   34   27   41  
 23   34   41   52   36   25   29   35   24   28   39   45   38   39  
 36   30   40   54   32   27   31   28   24   32   52   40   39   23  
 31   43   33   40   32   34   34   18   34   30   39   43   46   31  
 25   27   40   34   23   32   31   37   35   50   34   52   45   23  
 35   38   40   42   27   29   35   25   38   29   43   44   32   31  
 38   36   41   40   43   28   20   29   36   20   39   32   47   39  
 35   32   41   45   41   24   32   27   41   26   48   36   29   31  
 31   37   38   40   33   26   31   28   36   39   42   39   36   32  
 37   31   40   29   35   37   27   31   25   31   55   33   37   40  
 27   43   35   40   40   40   28   23   24   40   38   35   45   30  
 29   43   39   30   40   26   23   33   33   39   43   43   40   27  
 38   43   39   36   38   31   28   20   37   40   29   41   34   34  
 32   32   46   35   41   25   28   37   22   35   50   39   34   32  
 25   35   47   29   46   39   31   25   23   29   44   53   34   28  
 31   35   31   42   37   32   32   34   30   34   43   44   30   33  
 37   34   42   51   40   27   31   22   27   47   39   41   32   18  
 42   33   49   40   35   29   30   26   31   28   34   42   40   29  
 35   31   36   35   42   26   36   26   31   43   45   43   37   22  
 22   35   43   43   32   34   28   29   27   38   41   43   33   40  
 36   35   37   38   36   29   37   25   31   40   37   40   36   31  
 37   40   58   48   39   22   27   32   23   32   41   36   30   23  
 45   42   33   39   34   42   22   32   32   35   32   38   31   31  
 35   28   41   32   43   31   31   29   29   37   42   44   35   31  
 24   34   24   42   37   27   32   29   38   42   48   33   45   33  
 33   39   39   52   33   23   23   29   38   40   40   37   35   27  
 34   37   45   39   42   28   29   32   26   27   54   39   37   19  
 21   45   29   37   44   30   33   27   36   32   41   47   28   38  
 29   34   47   51   38   29   39   27   19   41   40   38   29   27  
 28   33   38   48   41   29   31   28   22   45   37   32   45   31  
 34   43   35   46   32   39   34   33   30   30   44   28   32   28  
 26   35   30   42   27   27   36   31   30   42   44   41   38   39  
 32   25   46   42   39   32   35   25   25   37   43   42   27   38  
 38   35   35   46   34   25   31   23   37   42   34   38   38   32  
 34   38   30   46   37   31   28   32   31   29   52   40   29   31  
 28   41   43   49   35   33   31   21   29   40   40   35   35   28  
 28   41   38   38   40   36   36   31   28   33   38   42   30   29  
 29   43   40   38   38   32   27   25   29   37   42   36   35   37  
 36   33   36   38   37   30   29   27   35   33   35   44   33   42  
 33   46   30   40   35   33   30   27   30   32   45   48   31   28  
 30   43   35   43   34   34   32   31   22   37   40   35   37   35  
 28   35   41   42   35   30   27   31   31   40   50   32   38   28  
 36   20   34   49   35   29   28   30   32   31   45   46   48   25  
 29   36   33   42   35   32   25   28   27   46   38   36   41   40  
 34   32   34   45   28   34   43   18   32   25   53   42   36   32  
 42   36   45   40   39   40   24   20   26   43   40   36   32   25  
 29   31   61   41   35   32   27   27   35   39   40   28   36   27  
 30   24   43   46   47   39   18   20   38   28   44   32   39   40  
 30   35   52   44   37   31   31   21   29   41   43   34   36   24  
 32   38   29   45   28   29   32   28   29   41   43   46   38   30  
 39   38   36   26   37   32   35   28   36   41   42   38   29   31  
 31   32   48   46   45   22   27   25   35   39   36   35   38   29  
 33   37   34   42   37   33   32   26   27   31   48   47   31   30  
 37   32   37   49   39   29   27   28   29   46   40   40   35   20  
 30   33   35   38   51   25   26   46   30   28   42   37   39   28  
 37   39   42   46   42   27   26   18   39   29   49   39   37   18  
 41   31   34   43   29   37   27   32   33   26   52   42   38   23  
 29   42   30   45   43   41   33   22   25   34   44   43   33   24  
 29   30   39   42   32   27   24   28   38   33   48   38   38   42  
 40   34   48   33   23   38   37   30   30   27   38   42   36   32  
 30   32   45   40   45   36   30   24   29   28   36   46   32   35  
 18   36   51   45   31   29   23   31   25   32   48   45   44   30  
 29   40   40   44   36   28   26   27   27   49   41   38   37   26  
 28   49   45   33   28   31   32   29   41   36   37   39   33   27  
 30   33   52   46   26   29   37   32   29   37   44   31   31   31  
 37   34   41   44   38   21   33   34   32   37   40   27   41   29  
 29   37   41   45   37   27   28   32   40   29   34   43   38   28  
 39   32   41   40   30   28   40   29   26   35   53   39   29   27  
 41   32   41   41   33   36   21   28   28   47   45   40   26   29  
 30   30   49   40   33   31   29   26   40   31   38   44   36   31  
 28   42   44   54   33   30   36   24   21   35   42   35   33   31  
 36   29   37   44   34   26   30   31   22   34   57   32   33   43  
 29   39   45   45   34   27   14   34   31   41   41   41   29   38  
 28   35   45   43   29   27   31   26   29   42   51   29   40   33  
 30   36   40   43   32   23   24   37   33   36   44   38   38   34  
 27   32   35   51   34   29   28   39   26   34   50   37   36   30  
 29   37   45   46   38   35   26   20   35   41   41   30   30   35  
 32   36   46   45   30   29   35   28   28   31   33   40   44   31  
 35   35   39   40   32   29   30   27   30   35   58   32   38   28  
 39   31   45   35   29   27   38   34   27   38   46   42   30   27  
 25   41   31   46   30   33   27   20   32   41   52   41   33   36  
 37   40   47   46   38   27   22   30   30   42   41   34   33   21  
 28   29   50   41   41   28   31   25   29   34   40   43   37   32  
 25   33   27   43   33   32   25   23   32   42   37   57   42   37  
 34   32   37   41   36   29   28   24   35   35   41   38   41   37  
 34   41   35   42   32   29   29   23   28   34   43   46   39   33  
 34   47   42   39   37   33   29   29   28   35   37   35   35   28  
 34   35   38   37   33   33   25   32   25   42   53   34   34   33  
 34   37   43   51   29   26   29   29   28   36   34   37   46   29  
 29   43   26   49   40   35   25   28   31   30   42   41   32   37  
 26   51   39   45   40   26   30   29   29   36   47   40   26   24  
 26   31   39   52   33   33   24   33   24   32   45   45   37   34  
 31   46   37   42   35   34   24   32   24   38   47   31   29   38  
 26   32   32   44   32   26   31   26   36   34   49   41   43   36  
 35   35   43   46   40   30   23   26   33   40   43   31   34   29  
 31   37   43   32   31   26   31   30   28   42   43   42   36   36  
 29   46   33   41   40   28   23   31   23   34   40   41   41   38  
 36   35   46   29   34   36   34   34   28   39   47   45   21   24  
 30   34   42   37   38   37   29   22   27   34   39   33   42   44  
 34   37   32   42   30   32   31   26   26   43   50   34   34   37  
 31   43   36   40   37   32   20   31   37   38   37   45   29   32  
 38   28   40   45   41   32   32   18   30   36   37   34   38   39  
 31   39   41   40   37   29   34   19   31   38   52   32   32   33  
 26   30   43   45   38   27   22   38   20   40   50   32   38   39  
 34   44   29   42   39   36   27   28   31   32   41   41   28   36  
 37   33   43   47   37   24   38   28   22   33   41   42   41   22  
 26   33   41   36   40   31   28   31   32   35   49   38   36   32  
 26   47   44   41   46   32   29   29   24   30   41   40   27   32  
 33   34   44   43   42   21   34   40   28   32   32   35   40   30  
 30   35   35   50   40   27   22   28   38   30   46   39   33   35  
 35   30   48   43   42   23   24   23   32   31   50   52   24   31  
 39   37   44   49   32   30   27   26   36   36   37   40   27   28  
 24   39   39   46   42   29   25   23   36   38   44   29   48   26  
 35   26   41   43   41   36   34   30   22   31   37   45   36   31  
 36   42   37   41   32   26   36   32   27   45   33   39   37   25  
 29   32   52   39   36   35   31   38   35   28   40   38   36   19  
 32   37   50   40   23   36   30   28   36   34   48   30   39   25  
 17   37   45   40   26   32   33   26   37   46   48   43   30   28  
 33   39   44   46   40   29   23   22   29   32   48   45   30   28  
 41   32   46   36   42   28   23   36   27   38   44   31   37   27  
 28   28   46   29   45   40   29   30   30   42   41   38   34   28  
 35   35   26   37   34   37   30   26   24   39   45   48   42   30  
 31   38   31   52   39   36   29   26   28   36   46   32   35   29  
 32   34   41   40   34   35   20   21   34   44   47   44   36   26  
 30   30   40   44   30   29   24   19   32   42   49   41   40   38  
 36   35   35   44   35   19   32   30   31   44   43   39   37   28  
 31   31   40   39   36   28   28   29   28   36   53   42   25   42  
 27   39   31   48   38   29   26   31   36   39   44   33   35   32  
 34   32   42   40   42   35   22   38   32   32   38   36   28   37  
 33   41   43   45   32   31   25   31   27   36   34   46   34   30  
 23   35   51   25   38   35   26   38   30   35   41   37   38   36  
 33   40   40   31   41   40   31   32   30   28   36   32   42   32  
 34   40   36   44   30   28   16   40   29   42   41   52   22   34  
 23   34   46   46   31   33   33   24   28   44   40   33   38   35  
 30   36   44   44   42   30   27   29   28   38   37   34   39   30  
 32   33   38   38   35   28   40   36   32   39   26   40   34   37  
 34   31   36   41   36   28   28   33   27   35   43   42   38   36  
 26   45   50   44   33   30   22   36   30   26   43   32   38   33  
 30   29   31   50   38   30   30   28   32   30   44   46   38   32  
 24   35   46   44   32   34   25   29   31   38   46   43   30   31  
 33   32   37   44   26   30   24   29   34   32   48   49   36   34  
 45   24   44   43   36   29   40   25   27   35   48   39   38   15  
 31   35   42   44   32   30   36   32   33   48   26   43   25   31  
 29   39   35   47   35   26   31   29   23   31   51   34   40   38  
 31   35   28   43   36   32   30   32   30   30   41   47   42   31  
 37   42   37   43   42   29   27   22   34   34   41   45   26   29  
 33   32   44   41   37   31   27   26   27   33   40   39   45   33  
 36   36   27   50   37   34   27   29   25   37   51   32   40   27  
 36   38   35   39   39   26   32   36   31   34   39   43   33   27  
 25   35   37   44   39   33   30   26   35   37   32   48   33   34  
 37   41   42   45   39   19   35   27   33   36   34   39   27   34  
 33   38   36   41   47   28   34   27   20   27   39   49   40   29  
 32   26   46   39   34   32   36   30   28   35   42   39   34   35  
 25   37   35   42   39   36   28   29   31   23   48   42   36   37  
 32   39   40   46   41   30   33   22   37   36   35   36   39   22  
 32   33   42   51   39   23   32   34   25   35   38   42   26   36  
 30   27   35   31   40   32   29   29   35   34   47   38   51   30  
 29   29   41   49   34   33   25   36   32   34   38   31   36   41  
 39   37   40   37   33   31   36   23   27   48   41   39   25   32  
 27   34   45   35   33   24   36   32   28   38   39   44   42   31  
 30   34   37   44   39   31   40   30   18   31   44   41   33   36  
 31   27   29   42   36   31   27   26   25   39   55   43   39   38  
 29   40   36   46   34   40   20   25   34   39   54   33   28   30  
 28   32   47   44   35   32   25   31   26   37   40   41   34   36  
 30   31   44   33   39   26   28   27   38   40   47   31   41   33  
 30   43   33   41   30   29   31   28   27   39   47   38   42   30  
 23   32   46   43   38   19   33   22   31   40   39   43   44   35  
 28   28   45   50   38   31   28   26   26   50   36   31   42   29  
 22   43   35   44   43   35   29   37   30   34   37   34   32   33  
 41   33   34   41   33   25   35   28   26   38   52   40   31   31  
 29   38   44   43   40   29   23   25   31   37   45   45   25   34  
 30   30   39   48   34   27   29   28   36   35   42   41   37   32  
 26   37   37   48   38   27   36   23   29   36   45   44   36   26  
 33   30   40   44   30   32   28   30   31   48   47   42   24   29  
 25   41   37   46   41   26   27   22   31   39   37   38   44   34  
 31   40   35   41   33   26   28   31   32   45   42   39   39   26  
 31   44   40   40   38   26   26   33   32   26   47   37   36   32  
 29   36   45   47   32   29   23   27   32   38   54   43   22   31  
 32   31   34   42   39   30   33   21   27   46   41   37   41   34  
 40   30   35   39   35   26   34   30   28   30   48   42   37   34  
 30   35   32   42   30   32   32   31   24   38   47   34   42   39  
 29   34   42   34   32   25   38   33   39   37   35   40   42   28  
 21   34   38   39   38   25   29   33   33   44   44   49   29   32  
 39   35   30   43   28   33   29   28   24   42   47   50   29   31  
 33   33   42   44   34   34   30   29   34   25   45   40   30   35  
 26   28   47   46   28   29   26   33   38   40   42   35   39   31  
 33   32   37   52   30   24   25   31   31   36   51   31   34   41  
 24   37   38   41   32   34   31   32   21   55   41   31   36   35  
 34   35   37   43   30   27   31   31   30   38   43   49   38   22  
 28   37   40   45   39   25   27   35   29   35   41   42   33   32  
 34   36   34   48   36   32   27   25   34   34   49   41   31   27  
 32   40   41   47   33   32   23   31   36   27   46   44   25   31  
 32   38   34   40   41   32   28   22   32   48   47   29   26   39  
 28   36   38   41   30   30   25   37   37   37   46   40   33   30  
 30   25   44   41   38   35   20   38   23   43   35   45   37   34  
 31   26   39   44   44   21   23   30   24   40   46   58   35   27  
 27   34   28   47   37   25   34   23   29   42   41   51   33   37  
 38   38   43   42   28   35   23   28   27   39   51   36   29   31  
 33   39   32   38   39   45   20   27   26   37   40   44   31   37  
 32   29   27   44   35   23   30   26   38   40   44   48   34   38  
 22   37   33   50   37   33   35   28   33   28   35   37   41   39  
 36   35   35   44   31   29   32   26   25   42   38   46   33   36  
 24   32   42   37   43   30   33   32   38   33   44   31   24   45  
 30   31   40   35   41   30   28   30   29   48   49   35   25   37  
 32   40   39   43   45   28   31   33   34   36   29   41   31   26  
 36   31   45   45   40   33   25   23   25   38   47   43   26   31  
 29   26   46   37   41   29   25   29   26   29   40   52   41   38  
 38   38   36   43   30   36   31   20   35   47   42   37   26   29  
 32   42   46   44   38   28   38   25   22   37   39   34   30   33  
 32   34   40   46   44   26   25   27   31   38   33   39   44   29  
 27   33   41   38   37   34   20   27   35   42   47   40   31   36  
 34   36   44   43   39   32   26   29   26   42   32   46   26   33  
 29   37   47   44   34   27   29   27   30   28   43   37   37   39  
 38   39   40   39   36   37   31   25   29   37   47   35   28   27  
 36   43   39   35   31   39   37   25   25   29   44   48   30   27  
 35   33   38   37   41   38   24   28   40   28   50   45   28   23  
 38   47   34   46   31   37   24   34   21   36   45   40   26   29  
 25   29   38   46   32   31   32   28   30   27   44   44   45   37  
 30   40   47   48   36   25   32   17   45   31   46   37   27   27  
 34   37   40   44   26   30   28   25   36   36   51   35   29   37  
 36   28   40   38   39   32   26   28   31   36   48   43   27   36  
 35   37   31   47   33   34   33   32   27   35   41   43   24   36  
 29   32   49   39   33   35   28   30   19   34   57   38   32   33  
 33   36   46   47   30   24   26   34   34   37   38   42   28   33  
 34   44   47   45   40   32   30   30   29   24   41   34   30   28  
 33   31   34   51   39   23   30   36   15   40   43   46   29   38  
 30   37   37   46   34   25   27   32   33   32   47   54   25   29  
 26   42   41   45   44   18   30   29   24   43   43   37   37   29  
 40   27   44   32   29   41   32   32   26   33   45   34   42   31  
 27   37   38   39   26   24   34   33   32   28   59   40   37   34  
 30   34   38   34   33   30   34   27   35   36   50   41   23   43  
 32   33   34   40   36   29   39   35   32   38   38   39   33   30  
 38   40   41   44   35   32   22   24   31   28   55   35   31   32  
 36   34   46   40   27   30   27   31   27   44   36   50   22   38  
 25   32   37   52   32   43   29   36   30   29   31   43   37   32  
 41   42   36   44   37   29   29   26   35   27   39   40   32   31  
 34   35   42   40   36   24   31   27   29   26   52   32   42   38  
 43   35   42   44   36   27   29   26   36   29   45   34   24   38  
 27   38   36   48   34   27   25   30   26   38   43   43   40   33  
 25   43   35   41   37   33   29   35   30   39   41   42   26   32  
 30   32   39   42   42   30   23   33   27   37   39   46   35   33  
 29   22   41   41   35   36   30   27   30   40   41   44   41   31  
 33   33   27   44   39   30   34   23   37   35   38   43   31   41  
 30   33   43   51   32   29   37   27   38   35   31   38   35   29  
 29   34   43   46   33   31   26   23   26   47   26   47   39   38  
 26   33   42   46   28   37   29   28   41   31   40   40   37   30  
 34   38   42   37   36   26   28   22   37   41   44   44   35   24  
 35   26   37   33   31   34   29   31   25   43   36   57   29   42  
 28   36   36   40   32   35   23   37   19   40   43   35   51   33  
 26   37   41   37   35   28   32   32   31   40   47   40   32   30  
 29   27   39   38   34   32   30   35   32   29   48   42   41   32  
 36   40   35   39   42   21   22   23   32   35   42   48   38   35  
 36   37   40   46   38   39   24   30   21   33   42   50   24   28  
 25   35   54   47   29   28   32   36   26   35   43   34   33   31  
 34   26   46   46   27   29   33   36   31   35   45   35   26   39  
 30   30   50   33   37   33   26   29   35   36   41   45   37   26  
 32   32   45   51   29   34   30   34   26   26   36   41   43   29  
 30   37   41   46   33   35   28   33   33   31   36   37   36   32  
 31   37   31   55   32   27   34   23   43   34   40   41   34   26  
 38   36   35   37   28   24   35   32   34   37   44   39   35   34  
 31   35   39   46   33   28   26   31   33   34   47   45   27   33  
 40   26   38   42   29   27   32   26   30   29   51   45   39   34  
 30   33   41   59   39   20   32   25   28   40   46   39   30   26  
 36   35   38   63   34   23   30   24   28   30   54   28   31   34  
 36   34   33   45   25   23   27   33   25   38   45   43   45   36  
 27   42   41   49   36   33   18   32   34   34   42   39   27   34  
 29   32   28   38   42   25   39   25   26   32   44   48   40   40  
 42   26   37   29   45   24   18   32   30   46   50   40   40   29  
 24   35   40   43   41   29   34   24   36   29   44   43   40   26  
 23   42   43   53   29   34   33   24   29   31   36   46   34   31  
 21   32   49   41   39   30   22   32   25   42   36   46   35   38  
 31   33   45   49   36   27   29   32   29   38   41   44   29   25  
 28   34   32   33   34   30   25   20   43   42   47   35   47   38  
 34   29   44   46   44   30   35   27   24   27   48   40   23   37  
 37   37   37   40   40   36   31   27   29   24   46   42   30   32  
 30   43   39   54   46   30   29   31   31   28   35   39   32   21  
 34   37   34   41   33   31   27   31   27   37   45   37   37   37  
 36   39   38   39   29   36   26   24   39   46   36   40   31   29  
 34   25   35   53   33   32   28   33   35   32   43   43   33   29  
 36   33   39   52   47   31   36   16   24   25   39   38   42   30  
 25   28   36   36   37   30   20   32   34   42   48   40   44   36  
 37   39   32   38   37   27   32   34   25   33   49   42   35   28  
 35   30   50   41   39   43   30   25   30   31   44   39   24   27  
 40   28   29   49   33   31   34   29   30   44   39   35   36   31  
 30   33   37   37   39   45   32   31   29   34   36   34   44   27  
 35   43   37   40   23   29   30   30   42   31   46   42   38   22  
 33   41   51   35   38   28   36   33   25   41   34   39   21   33  
 31   43   40   34   44   30   25   28   27   41   42   30   38   35  
 26   27   43   45   32   34   35   22   33   29   49   42   36   35  
 22   41   36   41   31   35   22   34   27   45   39   38   34   43  
 35   36   33   52   31   30   34   30   30   40   32   41   40   24  
 35   43   41   41   36   32   34   25   22   43   37   31   39   29  
 33   41   44   45   40   22   39   25   25   33   44   36   28   33  
 32   32   36   36   52   24   29   25   31   37   52   33   37   32  
 21   33   48   38   33   29   32   35   28   36   42   38   47   28  
 31   30   43   45   42   31   28   28   35   24   44   37   39   31  
 24   35   38   50   32   35   23   25   30   39   53   33   37   34  
 33   38   42   40   45   30   36   33   21   37   42   35   28   28  
 29   56   30   41   39   29   26   26   33   34   37   35   39   34  
 32   35   35   49   32   27   34   27   35   34   59   28   32   29  
 35   35   43   50   32   30   30   28   32   36   40   41   28   28  
 32   31   37   49   33   24   29   28   36   36   48   37   39   29  
 26   35   35   40   35   36   26   22   37   41   36   37   49   33  
 34   34   37   48   41   32   29   24   30   29   44   38   39   29  
 26   39   28   37   27   32   27   34   26   42   55   35   46   34  
 36   45   42   39   26   21   34   36   40   33   43   36   31   26  
 32   39   41   55   38   30   18   34   27   35   43   39   28   29  
 35   39   40   44   41   16   26   33   31   45   41   33   25   39  
 33   31   33   41   34   25   27   36   31   34   38   47   39   39  
 29   37   39   52   21   36   23   28   31   28   38   39   47   40  
 28   34   41   46   28   24   38   26   27   40   44   39   36   37  
 36   27   36   50   33   27   28   34   30   36   37   42   32   40  
 34   44   47   35   27   35   26   23   29   30   36   45   41   36  
 23   30   49   41   38   31   33   29   30   39   35   34   39   37  
 30   37   36   44   38   34   26   30   24   42   53   35   31   28  
 32   38   47   40   43   31   20   34   26   35   38   36   32   36  
 30   31   42   44   38   23   35   24   35   32   56   31   39   28  
 25   32   42   49   33   34   32   31   29   32   50   39   29   31  
 30   40   34   42   38   25   30   29   33   33   48   37   35   34  
 38   35   39   45   41   38   33   24   29   31   41   35   33   26  
 26   28   32   41   41   24   33   32   24   39   42   53   33   40  
 34   42   41   43   36   35   29   26   31   31   51   31   35   23  
 32   23   46   42   26   29   33   27   35   41   40   47   33   34  
 27   29   48   40   38   25   28   29   34   29   42   49   43   27  
 37   44   39   53   38   27   31   19   36   38   42   34   28   22  
 40   28   44   46   36   33   27   30   29   33   49   36   26   31  
 41   25   28   40   48   21   19   38   31   25   52   47   43   30  
 34   34   35   43   35   22   27   28   41   43   33   38   36   39  
 32   30   42   46   37   46   36   29   28   25   37   38   37   25  
 38   39   38   59   45   21   38   22   25   23   35   39   36   30  
 25   35   47   38   40   29   25   30   34   36   42   32   41   34  
 31   33   37   37   35   24   28   31   37   36   47   45   35   32  
 22   30   40   48   42   30   24   33   36   34   45   36   35   33  
 28   40   34   54   41   20   23   40   26   28   51   34   34   35  
 34   34   35   47   33   35   36   20   25   37   38   44   37   33  
 31   29   42   39   30   27   30   33   27   50   56   36   24   34  
 31   38   37   47   32   25   31   23   28   37   42   41   37   39  
 26   32   30   56   48   26   24   26   30   37   35   42   35   41  
 33   42   37   37   42   41   25   21   31   32   44   33   33   37  
 30   22   38   38   38   33   32   29   32   41   50   30   39   36  
 25   41   44   29   30   33   27   32   31   29   51   47   31   38  
 36   35   38   38   49   43   32   19   31   32   39   36   31   29  
 36   41   41   43   36   30   26   27   27   32   35   45   36   33  
 32   36   39   38   42   36   25   28   27   38   36   45   33   33  
 39   31   39   39   39   32   22   24   29   41   53   29   32   39  
 32   38   35   39   41   29   31   23   37   41   43   36   37   26  
 38   39   42   38   21   35   30   31   28   39   46   39   30   32  
 33   40   49   38   37   29   25   32   31   29   40   42   34   29  
 36   23   44   37   35   34   17   29   34   39   56   37   33   34  
 40   25   49   41   39   26   30   26   32   40   41   37   37   25  
 32   27   36   50   38   33   21   32   34   26   47   41   37   34  
 32   55   46   37   36   26   26   32   29   41   38   40   32   18  
 29   34   40   47   36   26   36   33   28   34   39   42   37   27  
 35   44   41   34   42   28   26   31   31   34   49   37   29   27  
 30   28   44   43   36   35   25   24   22   33   47   45   37   39  
 37   28   29   46   42   32   35   27   28   25   45   50   35   29  
 28   36   47   39   35   28   31   28   38   33   49   24   40   32  
 33   44   39   49   36   23   25   27   34   38   36   44   34   26  
 30   45   42   49   31   27   25   31   24   35   43   38   34   34  
 16   41   39   38   35   33   35   28   22   33   56   40   32   40  
 34   35   35   49   40   30   34   31   23   42   43   36   31   25  
 31   39   45   42   37   31   26   28   28   33   47   40   28   33  
 28   34   35   52   35   25   34   27   34   26   53   38   23   44  
 32   38   31   49   34   31   27   34   29   37   43   38   33   32  
 31   40   56   41   42   35   32   34   23   28   39   39   21   27  
 29   40   38   38   33   28   29   23   28   39   42   45   41   35  
 34   43   38   46   29   29   24   28   39   49   39   38   26   26  
 34   38   37   45   33   32   43   23   30   38   42   42   21   30  
 28   38   51   36   32   37   25   28   35   27   43   38   34   36  
 22   38   51   38   28   34   25   41   26   39   48   33   37   28  
 39   33   35   35   37   26   29   33   28   35   39   43   36   40  
 30   34   44   52   37   26   28   32   22   35   35   32   46   35  
 27   36   27   44   38   31   26   23   30   42   47   52   31   34  
 27   36   53   37   44   32   30   27   27   37   41   34   30   33  
 38   31   32   40   39   33   35   28   28   30   45   43   42   24  
 31   36   45   34   37   36   27   27   35   42   40   29   36   33  
 28   29   31   41   39   30   27   29   26   41   51   40   38   38  
 38   32   41   40   33   29   25   29   34   28   43   42   33   41  
 42   35   31   41   35   33   29   27   33   43   38   46   31   24  
 29   32   31   43   31   26   29   36   33   43   38   40   36   41  
 38   37   38   36   38   29   21   32   36   36   46   41   29   31  
 23   40   37   40   29   32   26   31   29   33   58   38   40   32  
 30   39   40   32   29   26   35   33   27   45   42   45   35   30  
 32   40   33   42   38   29   23   30   36   33   52   29   39   32  
 36   34   29   34   39   28   36   29   28   43   42   47   36   27  
 31   41   41   45   31   35   35   24   23   33   42   40   37   30  
 30   37   32   41   27   27   22   33   38   35   49   54   37   26  
 34   34   33   30   40   34   35   30   28   38   42   45   32   33  
 29   41   39   46   45   24   27   26   38   36   36   33   38   30  
 33   32   36   37   36   31   28   27   30   38   49   41   30   40  
 30   42   48   46   24   29   29   28   29   38   46   39   26   34  
 41   41   42   40   36   24   27   37   22   35   51   44   21   27  
 30   40   37   50   40   20   32   30   22   37   36   38   34   42  
 32   37   40   36   37   21   27   34   29   38   44   41   42   30  
 40   30   50   39   43   33   32   34   24   28   40   39   27   29  
 32   22   41   46   33   38   22   34   27   41   48   37   34   33  
 27   29   44   44   38   20   31   41   27   32   33   44   39   39  
 26   36   46   51   36   32   16   29   28   42   49   32   29   36  
 43   30   45   43   35   32   25   32   33   41   25   39   37   28  
 34   34   37   50   38   33   28   22   30   41   41   37   34   29  
 29   33   44   44   43   38   23   30   26   45   34   35   25   39  
 32   39   32   45   33   37   27   24   29   37   50   41   29   33  
 34   50   43   44   28   33   33   25   25   32   36   44   34   27  
 34   33   37   35   47   32   27   25   31   36   51   30   33   37  
 43   24   47   42   37   38   21   34   29   30   48   37   34   24  
 24   34   42   51   37   27   23   31   33   34   40   40   41   31  
 32   27   48   29   39   33   30   26   34   37   41   44   38   30  
 32   42   30   37   42   32   24   28   34   47   41   37   35   27  
 33   34   34   46   30   36   30   29   30   33   36   48   42   27  
 36   39   40   43   35   31   35   27   34   36   37   31   34   30  
 29   39   36   39   34   30   33   23   32   40   43   40   39   31  
 26   44   39   34   30   27   36   34   36   37   38   37   34   36  
 42   38   31   36   36   32   27   31   31   29   47   38   44   26  
 31   40   43   39   33   30   29   36   28   31   43   41   37   27  
 37   38   38   37   27   34   34   34   25   31   47   46   33   27  
 36   37   34   47   45   30   40   24   23   29   40   44   22   37  
 23   39   38   40   30   30   22   37   29   38   46   49   36   31  
 25   29   44   41   34   27   25   31   26   42   46   49   39   30  
 30   33   49   37   38   27   37   25   41   27   35   38   35   36  
 36   34   46   43   25   40   27   25   26   41   41   37   39   28  
 35   39   44   49   38   26   22   27   30   30   39   40   34   35  
 25   39   37   41   45   34   24   36   32   27   47   28   40   33  
 34   28   41   33   40   27   22   35   36   42   39   49   30   32  
 40   32   43   42   31   27   25   30   37   35   40   38   35   33  
 39   28   41   53   36   18   30   27   34   35   43   36   40   28  
 36   26   44   47   34   28   26   31   34   39   39   42   38   24  
 40   38   35   49   35   34   25   28   28   42   37   39   36   22  
 38   35   34   41   49   24   18   34   24   41   42   40   33   35  
 20   29   34   42   30   19   29   36   35   45   45   52   22   50  
 36   30   34   44   38   15   34   25   33   32   54   39   34   40  
 28   39   41   42   42   34   26   27   33   36   42   33   32   33  
 31   39   38   34   39   27   26   29   31   44   49   40   33   28  
 33   43   39   42   44   29   32   27   24   32   44   36   33   30  
 30   35   46   31   39   37   37   25   24   26   52   33   45   28  
 23   39   43   41   37   24   34   36   27   21   46   44   40   33  
 36   28   26   37   43   37   32   34   25   45   36   39   35   35  
 32   32   40   44   38   26   36   32   36   37   33   45   30   27  
 35   34   38   48   34   29   26   24   34   32   47   45   34   28  
 29   37   47   45   40   26   28   20   34   41   45   35   28   33  
 24   36   37   45   35   35   33   30   29   31   40   48   34   31  
 33   38   41   42   30   27   19   32   27   36   54   32   40   37  
 30   31   50   40   43   28   26   40   27   36   46   33   31   27  
 34   29   34   46   37   23   24   38   26   38   41   44   42   32  
 26   41   35   43   33   24   23   30   34   33   41   42   48   35  
 40   36   39   42   43   24   27   34   28   27   54   39   29   26  
 32   34   48   37   38   19   34   34   31   33   42   42   34   30  
 34   29   40   46   38   32   26   29   26   44   37   45   38   24  
 26   40   40   50   40   24   28   32   29   35   49   32   30   33  
 27   42   48   40   42   30   21   32   32   42   41   38   23   30  
 42   37   44   41   35   27   19   26   38   37   42   39   37   24  
 34   34   36   47   46   25   27   32   34   38   46   35   30   24  
 27   35   40   39   33   35   31   21   37   37   43   42   40   28  
 36   27   43   44   27   27   39   25   27   37   52   42   36   26  
 32   33   35   48   36   31   31   24   30   44   42   37   37   28  
 29   29   44   37   40   33   33   27   21   43   41   44   31   36  
 29   37   33   43   46   34   26   33   26   33   44   43   35   26  
 26   41   39   39   43   27   30   29   29   31   42   38   35   39  
 30   31   34   39   38   35   24   25   32   36   55   35   37   37  
 35   28   36   50   37   35   29   23   32   26   36   50   37   34  
 44   34   35   43   35   32   27   28   30   31   47   37   37   28  
 33   26   35   48   33   32   22   37   26   32   53   40   36   35  
 27   36   40   49   23   27   24   26   37   34   41   41   41   42  
 35   34   41   34   32   31   26   37   27   42   48   36   35   30  
 28   39   28   43   38   37   34   29   27   34   39   48   41   23  
 35   27   34   41   43   29   24   32   23   44   40   42   40   34  
 34   28   45   45   32   37   37   22   23   36   43   48   26   32  
 43   35   46   27   38   35   24   36   31   27   39   47   30   30  
 24   33   45   45   49   36   26   23   30   34   35   37   36   35  
 31   23   45   37   27   32   31   29   33   43   46   33   42   36  
 34   31   42   33   38   26   29   22   29   43   41   41   35   44  
 39   28   48   47   37   32   26   31   30   39   31   27   32   41  
 35   38   35   44   40   29   29   28   30   35   35   35   39   36  
 31   46   31   40   29   24   33   29   29   32   50   47   32   35  
 25   32   35   51   35   32   26   28   26   31   53   45   35   34  
 29   34   40   47   39   42   18   28   23   30   49   37   35   37  
 35   33   40   34   43   29   20   34   33   38   38   41   38   32  
 39   28   40   39   39   25   28   26   37   39   28   48   35   37  
 34   33   40   37   39   24   32   36   41   38   37   38   37   22  
 25   42   35   48   33   32   38   26   20   39   51   40   31   28  
 29   44   46   53   38   32   23   22   28   41   34   33   41   24  
 32   33   41   47   30   28   26   29   31   24   47   41   42   37  
 26   32   41   45   40   39   25   27   31   35   44   36   37   30  
 33   33   39   45   47   27   30   22   29   31   51   33   41   27  
 42   34   38   41   51   23   32   23   31   35   35   42   33   28  
 30   39   47   40   41   31   29   27   27   41   38   39   41   18  
 34   42   40   39   45   28   27   35   29   25   48   36   31   29  
 32   28   38   44   36   33   26   22   30   41   43   47   31   37  
 29   29   37   37   43   29   24   32   28   44   36   48   43   29  
 33   34   31   50   32   34   29   24   28   38   45   48   32   30  
 40   35   38   42   35   32   25   19   32   32   45   38   38   37  
 23   40   41   30   35   35   40   22   29   32   45   40   42   34  
 37   31   43   39   34   29   31   25   27   42   41   33   33   43  
 34   28   42   40   32   38   31   35   34   31   50   31   36   26  
 30   41   39   46   44   35   27   24   29   33   47   28   31   34  
 30   38   44   49   33   27   26   28   32   37   45   34   37   28  
 32   23   33   52   39   27   36   30   26   39   39   49   26   37  
 31   28   39   39   42   31   29   23   36   34   49   42   27   38  
 32   30   47   47   40   22   35   26   33   25   45   36   38   32  
 37   25   35   47   33   25   30   29   25   45   46   36   33   42  
 30   38   35   45   30   28   41   35   29   33   43   38   33   30  
 32   34   45   43   46   15   21   31   29   40   36   41   48   27  
 31   42   35   51   32   28   29   28   28   41   38   40   30   35  
 23   32   35   51   43   31   34   29   29   31   40   39   45   26  
 34   34   42   53   31   26   32   20   36   36   37   38   36   33  
 44   40   35   34   27   27   22   38   35   36   47   40   30   33  
 20   40   44   52   30   28   31   22   37   44   41   35   31   33  
 29   43   35   48   28   40   30   24   23   34   44   42   40   28  
 37   34   36   43   26   26   27   33   28   47   41   43   34   33  
 36   28   42   50   41   24   24   29   29   35   48   36   34   32  
 29   40   47   45   31   34   26   32   30   30   48   48   22   26  
 40   37   32   31   45   35   29   28   26   24   50   40   41   30  
 35   32   33   38   33   34   24   37   25   28   53   45   39   32  
 31   32   31   47   41   34   33   30   27   34   37   42   38   31  
 32   32   33   35   43   34   24   32   30   36   38   47   34   38  
 41   30   38   43   31   27   28   26   33   33   47   42   37   32  
 32   31   37   43   35   34   28   25   34   36   35   50   34   34  
 27   31   28   46   40   29   29   25   28   46   49   40   34   36  
 38   30   33   36   34   28   27   27   30   47   48   51   28   31  
 31   34   41   44   35   24   27   34   29   33   51   43   32   30  
 37   36   45   41   30   36   24   16   34   34   54   37   36   28  
 32   29   43   49   36   30   29   32   29   28   43   41   34   33  
 32   31   39   47   34   22   33   31   33   29   45   36   41   35  
 37   27   42   43   43   20   35   35   26   33   39   45   31   32  
 24   30   44   48   37   40   20   30   29   37   42   44   35   28  
 35   33   39   45   26   24   34   28   37   37   53   36   35   26  
 37   28   30   39   45   21   33   34   31   36   47   36   42   29  
 37   41   37   37   27   40   36   22   32   29   47   31   39   33  
 32   26   29   44   26   26   36   19   34   39   65   39   37   36  
 31   31   34   45   41   32   28   28   29   40   42   36   35   36  
 27   34   30   37   40   31   25   26   36   36   46   47   44   29  
 28   34   31   49   35   33   24   26   33   32   37   47   38   41  
 29   43   42   37   45   25   27   24   37   40   30   40   41   28  
 33   31   32   38   28   35   29   31   27   31   46   47   38   42  
 30   36   47   40   35   23   21   35   29   33   53   42   34   30  
 31   38   42   46   31   26   35   27   27   36   46   34   34   35  
 41   37   41   40   50   22   20   34   15   39   46   32   37   34  
 23   40   35   44   33   21   35   28   30   45   45   38   31   40  
 37   36   34   43   39   26   22   32   34   33   46   36   40   30  
 36   38   38   35   38   39   22   39   25   37   42   36   33   30  
 22   38   31   46   31   41   21   43   26   37   43   37   34   38  
 29   34   46   34   31   21   40   25   39   45   41   36   44   23  
 32   38   40   39   35   32   24   26   29   37   57   41   26   32  
 28   40   35   55   27   25   27   35   32   32   44   42   38   28  
 28   30   40   51   39   32   23   39   33   23   44   38   30   38  
