 31   40   42   34   46   19   34   21   26   46   37   35   41   36  
 25   43   46   44   40   21   21   36   37   32   33   45   38   27  
 41   31   45   40   39   27   34   24   27   43   36   42   29   30  
 37   31   42   38   34   34   30   27   23   35   46   32   35   44  
 34   38   51   38   35   38   22   30   27   36   40   32   32   35  
 41   37   37   38   47   27   29   25   20   31   46   41   31   38  
 35   23   46   42   40   31   23   24   35   36   43   40   31   39  
 38   25   36   42   42   34   27   28   31   32   49   33   30   41  
 33   34   40   33   42   19   29   36   27   40   45   46   33   31  
 31   35   45   37   37   34   27   28   34   27   44   44   41   24  
 39   33   34   52   31   24   30   45   31   33   38   28   46   24  
 31   32   52   44   42   27   18   34   27   36   35   43   34   33  
 22   36   43   43   35   32   26   24   40   31   39   35   43   39  
 35   37   39   53   36   30   33   26   29   28   44   34   38   26  
 31   38   37   44   42   24   29   29   33   34   39   40   36   32  
 37   44   41   45   34   33   33   26   30   41   28   33   36   27  
 27   27   52   40   44   28   32   27   32   28   35   46   39   31  
 31   35   40   43   45   27   34   25   36   32   49   26   37   28  
 29   28   49   37   49   21   35   29   24   39   31   41   45   31  
 40   41   40   54   30   27   32   28   34   45   29   38   26   24  
 28   37   38   37   36   29   25   32   31   41   40   42   39   33  
 26   33   45   46   46   31   22   30   24   35   48   38   30   34  
 31   46   47   42   38   27   35   28   24   27   32   51   31   29  
 27   36   33   33   44   34   42   22   37   27   53   36   29   35  
 36   40   28   39   42   36   24   34   26   41   43   34   39   26  
 37   35   39   52   43   18   29   28   22   35   42   39   40   29  
 29   22   43   44   33   32   30   30   25   33   43   59   29   36  
 30   32   45   36   32   32   29   34   24   36   50   40   31   37  
 31   31   45   43   32   40   30   22   40   37   33   40   44   20  
 31   38   43   43   34   27   26   36   21   36   57   40   28   28  
 33   34   40   45   50   27   26   22   35   30   47   44   28   27  
 43   36   34   39   42   33   26   25   29   39   40   38   32   32  
 33   32   43   40   28   39   26   25   30   31   45   43   31   42  
 34   33   48   39   36   30   29   25   26   36   40   39   39   34  
 25   32   39   40   43   29   28   29   34   41   46   38   27   37  
 29   47   45   37   30   31   27   23   33   30   48   41   36   31  
 37   36   38   41   34   29   20   37   37   34   40   41   33   31  
 36   30   39   30   31   30   29   31   34   35   44   44   46   29  
 30   31   47   41   33   28   32   28   29   38   36   47   34   34  
 31   32   43   47   34   32   25   32   31   25   43   43   42   28  
 35   35   42   43   30   27   27   27   25   55   44   37   33   28  
 30   33   37   44   43   33   31   27   31   32   40   42   31   34  
 36   23   39   44   28   28   37   31   24   38   49   40   45   26  
 31   37   42   40   43   29   30   33   27   34   34   36   39   33  
 37   38   41   41   37   34   36   29   25   42   39   29   32   28  
 31   32   40   46   27   32   34   27   29   40   36   34   48   32  
 31   34   39   49   45   24   26   27   35   46   37   35   32   28  
 35   42   30   42   31   33   39   31   26   31   44   39   36   29  
 35   37   38   32   45   31   22   30   30   34   57   31   40   26  
 29   42   43   39   40   27   28   31   27   37   48   35   22   40  
 34   41   29   33   47   33   27   38   26   28   42   35   30   45  
 41   44   35   48   27   34   26   39   19   44   39   33   33   26  
 37   31   39   54   37   30   25   20   36   33   40   43   36   27  
 30   40   46   33   25   25   31   29   29   47   43   35   35   40  
 31   35   28   40   33   35   39   25   25   38   38   42   45   34  
 26   44   39   39   42   33   31   31   36   27   38   42   37   23  
 31   37   36   45   35   22   35   27   33   43   49   31   38   26  
 26   26   35   52   44   28   25   25   37   33   42   51   37   27  
 36   32   45   41   39   30   37   21   32   40   41   36   32   26  
 31   36   40   38   30   33   26   31   31   38   35   42   46   31  
 45   32   39   39   45   22   32   30   28   34   50   48   23   21  
 47   34   38   36   40   31   28   26   25   39   50   31   36   27  
 35   32   33   49   30   32   29   31   32   38   48   44   28   27  
 35   42   43   42   29   18   34   27   32   47   36   47   29   27  
 42   28   39   49   37   33   25   24   24   38   49   34   32   34  
 38   38   30   30   34   40   21   28   26   37   45   47   40   34  
 33   27   43   42   32   24   30   36   33   39   33   42   39   35  
 25   36   35   46   38   30   29   37   23   24   48   52   33   32  
 30   24   51   44   29   22   27   29   33   38   41   39   41   40  
 22   45   38   42   31   37   33   29   25   34   37   50   30   35  
 35   36   41   42   35   31   34   25   24   33   47   40   33   32  
 40   39   49   34   35   30   30   35   35   35   39   22   34   31  
 26   36   32   48   26   41   33   28   28   31   59   39   37   24  
 34   32   49   38   39   40   26   25   28   37   28   45   36   31  
 36   37   39   39   34   33   30   19   32   34   48   35   36   36  
 26   38   40   36   25   33   36   24   35   38   49   42   37   29  
 31   28   40   45   49   31   27   19   24   39   46   37   40   32  
 36   31   32   42   44   32   32   28   31   40   39   38   38   25  
 37   37   45   38   32   24   22   30   42   35   37   36   41   32  
 29   37   36   42   38   33   31   34   25   29   41   44   34   35  
 31   39   48   44   34   28   28   27   38   36   41   35   34   25  
 33   27   49   42   26   30   32   36   37   33   36   42   39   26  
 39   39   31   45   33   23   27   29   42   33   47   39   32   29  
 31   32   34   40   42   29   26   31   19   41   49   46   37   31  
 32   31   37   37   39   32   28   27   31   34   50   41   44   25  
 33   38   46   58   24   24   28   31   25   45   45   29   30   32  
 24   30   33   50   32   30   29   30   26   40   42   40   38   44  
 29   32   35   43   35   38   39   27   24   28   41   42   36   39  
 34   51   37   37   33   30   31   27   34   30   51   31   37   25  
 26   24   39   47   38   27   35   22   33   44   49   36   37   31  
 32   24   52   42   32   42   33   29   27   30   42   43   31   29  
 30   36   42   45   46   30   36   24   31   26   39   37   41   25  
 36   34   33   40   32   34   25   34   32   37   44   39   30   38  
 30   40   42   37   31   33   33   23   29   46   37   44   26   37  
 36   43   39   41   30   34   33   27   30   34   42   45   29   25  
 28   30   44   39   34   22   38   34   35   33   44   38   36   33  
 28   40   42   41   32   39   26   36   22   33   49   32   35   33  
 34   32   49   44   35   32   23   33   31   27   56   35   32   25  
 43   34   32   36   36   29   22   36   30   44   39   38   32   37  
 23   42   55   42   39   29   27   26   26   39   46   41   28   25  
 30   33   35   52   39   30   25   24   28   39   39   40   37   37  
 26   37   51   34   32   28   34   25   36   38   37   40   38   32  
 39   39   44   46   39   25   26   31   29   28   35   46   27   34  
 33   42   39   49   28   26   26   36   26   29   50   41   37   26  
 35   40   41   35   37   34   34   26   32   31   35   45   25   38  
 35   24   55   27   50   23   34   29   33   27   38   50   34   29  
 29   29   43   38   36   29   22   30   36   39   33   47   38   39  
 34   33   30   46   28   33   26   33   33   33   44   41   46   28  
 19   37   39   53   42   24   34   29   28   35   49   30   37   32  
 25   36   37   50   37   27   20   36   43   30   50   42   31   24  
 27   30   34   40   39   27   33   33   34   35   53   37   39   27  
 26   38   52   37   30   28   24   30   24   49   42   34   36   38  
 29   33   43   46   30   30   28   26   30   42   51   39   35   26  
 27   48   35   48   36   20   45   30   27   48   34   27   44   19  
 40   30   28   39   35   24   35   29   27   55   37   38   37   34  
 24   31   32   47   34   33   34   23   34   38   46   38   36   38  
 23   42   24   41   23   36   30   36   27   36   57   41   30   42  
 21   29   45   44   46   31   32   21   24   30   49   46   36   34  
 29   41   43   38   35   36   30   29   27   48   39   30   31   32  
 37   31   43   40   40   29   24   30   23   39   44   38   40   30  
 24   37   42   45   41   32   20   32   25   39   39   32   38   42  
 27   39   43   42   27   30   30   31   31   38   38   41   34   37  
 36   35   45   35   34   38   30   31   16   34   57   35   31   31  
 31   33   27   47   38   32   24   30   36   38   38   47   33   34  
 36   33   37   36   39   29   38   26   30   38   36   39   37   34  
 32   32   48   56   36   27   33   26   30   32   40   41   30   25  
 41   30   40   38   31   16   41   32   30   44   43   40   29   33  
 42   28   36   49   41   23   27   27   35   31   45   36   40   28  
 36   29   44   36   32   26   30   31   27   41   49   43   34   30  
 25   31   44   63   40   29   19   28   26   42   35   47   31   28  
 27   31   39   43   39   21   25   28   40   23   56   40   37   39  
 37   40   39   40   39   30   29   31   29   26   40   37   36   35  
 24   40   42   31   32   25   34   29   32   40   41   49   37   32  
 30   34   35   41   37   28   26   29   34   32   42   52   28   40  
 33   48   37   39   32   27   29   32   39   36   36   45   30   25  
 39   33   35   43   41   33   29   29   32   34   39   37   30   34  
 32   33   41   38   36   27   28   32   33   41   38   52   34   23  
 41   30   45   47   30   27   21   41   28   44   37   41   27   29  
 39   37   31   40   39   33   28   28   26   37   46   35   41   28  
 31   35   37   44   47   33   26   27   36   41   40   33   29   29  
 36   32   42   41   43   23   23   39   33   36   38   40   29   33  
 27   28   47   49   40   29   26   27   30   42   48   36   22   37  
 29   37   34   45   31   36   28   29   33   41   44   33   44   24  
 35   36   43   43   32   35   31   27   31   45   39   33   25   33  
 20   38   40   48   41   29   28   28   28   35   43   38   33   39  
 36   45   38   45   41   30   30   27   22   39   39   38   28   30  
 30   33   49   35   38   31   25   33   31   36   35   37   38   37  
 36   29   38   45   43   24   29   25   30   36   58   40   21   34  
 31   42   41   50   35   28   33   23   24   38   43   42   32   26  
 33   33   28   34   41   37   30   26   27   42   47   45   33   32  
 24   43   35   49   27   28   38   34   26   32   44   41   37   30  
 39   30   37   47   38   33   27   25   28   42   36   48   32   26  
 32   30   34   45   33   44   27   29   28   33   49   47   36   21  
 27   32   38   47   21   37   31   31   29   36   51   43   40   25  
 33   38   41   46   44   37   28   23   30   37   39   27   36   29  
 26   41   37   44   35   31   23   33   28   44   32   42   42   30  
 21   40   45   41   40   29   22   25   40   41   34   45   41   24  
 31   29   40   48   28   41   28   29   17   40   44   47   33   33  
 27   42   35   37   24   27   36   34   37   40   41   40   29   39  
 32   38   41   34   50   28   26   29   20   43   41   44   32   30  
 33   33   39   37   36   28   26   32   29   41   40   43   38   33  
 37   30   33   44   34   29   26   30   28   37   40   47   39   34  
 32   34   36   45   34   29   35   20   30   31   40   43   39   40  
 27   53   46   40   36   29   37   23   20   34   45   42   24   32  
 26   29   34   42   36   38   24   26   39   30   49   48   34   33  
 31   28   41   35   33   17   33   32   30   40   51   43   40   34  
 35   37   43   37   35   31   25   36   32   38   41   36   31   31  
 32   38   36   44   35   28   38   29   28   36   42   39   34   29  
 36   33   43   38   39   30   28   31   23   32   47   39   30   39  
 27   39   36   46   36   28   31   30   32   36   43   46   28   30  
 40   33   28   47   29   34   27   20   27   38   46   39   43   37  
 32   30   53   43   30   21   33   25   24   50   41   37   41   28  
 37   30   37   42   40   30   22   35   41   31   38   42   34   29  
 35   32   51   40   31   43   26   32   26   43   32   34   34   29  
 20   37   40   53   39   32   26   26   33   38   36   43   32   33  
 41   37   32   55   43   25   31   29   33   35   41   28   26   32  
 31   41   32   48   38   26   32   31   23   41   45   38   32   30  
 38   38   29   48   31   26   28   36   40   32   37   48   30   27  
 34   30   50   41   26   32   30   22   29   37   56   45   29   27  
 37   29   44   54   31   24   27   36   28   38   39   39   37   25  
 28   37   44   38   37   32   23   27   34   37   53   41   27   30  
 24   34   45   45   48   24   22   42   31   41   37   22   33   40  
 38   33   35   37   34   32   21   40   36   28   47   36   37   34  
 32   39   42   37   34   27   28   31   35   42   45   43   28   25  
 38   32   32   33   36   28   28   36   24   46   44   39   40   32  
 35   42   38   46   38   34   22   23   32   34   43   28   44   29  
 29   26   41   46   33   25   37   20   27   52   41   40   36   35  
 29   30   41   51   32   30   23   34   22   40   40   41   40   35  
 33   31   31   40   29   32   36   26   27   51   42   36   34   40  
 30   35   29   49   36   32   29   32   30   37   44   35   36   34  
 30   30   37   45   28   33   33   35   32   31   39   32   50   33  
 33   30   43   37   38   29   27   23   38   39   43   36   38   34  
 38   31   43   46   44   30   32   29   30   32   34   34   38   27  
 39   32   43   43   39   31   26   28   26   38   35   42   32   34  
 24   32   33   49   37   28   29   27   33   32   44   38   48   34  
 24   42   40   46   32   27   31   34   32   36   41   39   32   32  
 26   48   41   38   39   27   25   36   34   44   41   27   28   34  
 31   36   30   53   34   26   28   32   27   36   43   39   34   39  
 40   35   42   29   26   35   30   27   46   42   42   36   27   31  
 29   43   36   44   35   26   39   26   32   32   51   36   28   31  
 35   31   32   56   34   31   23   29   37   31   47   39   33   30  
 28   43   42   41   36   30   33   29   32   27   41   48   29   29  
 46   38   35   53   41   30   32   28   23   23   39   34   34   32  
 36   34   46   41   43   31   27   32   33   30   37   32   36   30  
 22   39   40   29   43   32   24   25   36   38   47   49   34   30  
 33   27   34   58   46   31   25   25   29   29   50   40   34   27  
 29   40   34   57   27   22   32   25   38   27   46   40   47   24  
 38   33   33   51   35   30   25   28   35   37   35   27   39   42  
 21   34   41   38   40   30   33   30   32   29   52   47   25   36  
 26   39   41   44   44   28   20   33   33   33   31   39   44   33  
 38   36   37   38   33   29   45   31   21   38   41   37   34   30  
 33   28   34   38   32   26   29   38   33   44   38   49   37   29  
 37   33   41   38   35   29   27   32   26   39   47   45   26   33  
 32   37   39   47   36   41   26   32   30   33   34   33   34   34  
 33   35   32   37   38   31   30   23   36   34   31   53   42   33  
 34   36   44   42   23   34   33   30   25   34   44   36   35   38  
 45   20   45   38   36   32   30   25   31   26   45   40   38   37  
 33   29   30   59   33   29   20   37   24   34   45   52   29   34  
 40   37   38   56   37   28   23   28   33   40   37   33   27   31  
 35   31   40   41   33   33   32   34   28   27   42   47   33   32  
 25   28   47   44   39   28   25   30   31   39   47   41   33   31  
 27   33   48   39   34   28   34   35   26   43   52   26   33   30  
 35   33   37   52   37   26   27   27   32   36   47   32   38   29  
 25   36   39   47   40   28   25   32   28   32   50   39   37   30  
 27   43   33   42   33   34   27   29   30   36   36   47   34   37  
 35   38   33   41   34   29   27   30   28   45   39   44   38   27  
 37   37   45   38   33   31   29   37   30   23   46   50   22   30  
 34   37   44   45   35   30   25   24   37   38   41   35   38   25  
 30   26   31   66   29   23   31   38   33   36   50   40   31   24  
 39   24   45   52   26   37   27   32   38   27   41   31   34   35  
 35   31   34   45   37   31   27   35   30   31   44   29   46   33  
 29   31   44   38   37   24   26   27   32   37   43   43   36   41  
 33   28   42   31   39   32   22   29   27   42   44   46   31   42  
 42   33   41   42   37   32   34   31   24   33   33   30   37   39  
 28   31   41   50   37   24   35   28   28   41   41   33   34   37  
 30   34   40   43   22   21   35   29   35   36   49   51   36   27  
 28   29   37   33   33   23   16   26   39   42   54   52   38   38  
 31   41   39   43   39   27   27   29   29   36   38   46   32   31  
 29   34   42   40   47   25   25   32   28   36   45   46   26   33  
 47   42   37   32   35   21   26   31   32   32   45   35   44   29  
 27   33   48   54   41   35   26   24   29   25   40   38   34   34  
 35   28   35   41   26   28   37   31   24   45   36   50   44   28  
 29   41   44   46   36   23   31   34   25   31   44   37   31   36  
 33   38   37   50   37   28   32   27   28   34   40   36   36   32  
 28   44   37   41   30   26   26   32   35   38   41   38   40   32  
 38   38   40   41   38   24   38   28   33   29   50   32   33   26  
 27   41   51   38   42   29   31   25   39   37   41   39   27   21  
 33   30   43   46   30   27   38   21   36   39   46   33   30   36  
 38   33   32   50   37   28   29   35   35   35   46   29   26   35  
 33   28   40   34   34   28   32   31   37   34   43   41   36   37  
 28   23   41   45   43   26   36   38   20   37   42   39   35   35  
 33   34   49   48   29   36   23   31   30   45   38   35   21   36  
 32   46   38   44   28   35   21   24   35   35   41   41   33   35  
 23   42   31   37   32   25   28   30   36   41   50   41   41   31  
 30   38   37   44   27   34   35   27   30   43   32   37   37   37  
 33   40   37   41   24   32   33   26   31   40   38   46   37   30  
 31   36   30   39   35   34   27   27   31   39   40   44   37   38  
 38   36   43   50   31   23   25   29   24   36   44   38   39   32  
 29   43   41   42   35   31   29   32   27   33   48   40   35   23  
 29   43   39   47   35   27   22   31   30   34   47   37   34   33  
 44   31   45   51   28   25   32   33   26   40   39   37   29   28  
 37   32   38   37   35   31   36   30   18   29   48   44   40   33  
 33   38   45   41   50   26   27   28   31   39   43   33   26   28  
 36   34   38   43   40   29   26   32   20   33   48   46   39   24  
 31   30   48   43   44   31   29   25   25   32   43   43   34   30  
 28   33   39   49   37   30   24   25   47   38   31   30   42   35  
 36   38   53   48   31   30   39   29   23   27   36   32   38   28  
 40   31   50   37   45   27   25   36   27   36   39   34   28   33  
 36   37   43   44   41   23   26   31   29   33   43   37   33   32  
 30   33   38   53   43   23   19   31   32   43   37   40   38   28  
 30   34   39   37   35   27   33   33   29   38   40   37   46   30  
 34   31   40   41   39   24   34   28   29   36   40   30   46   36  
 36   29   35   38   34   32   25   38   25   26   46   49   44   31  
 25   34   40   37   40   34   28   28   28   41   42   48   32   31  
 25   40   34   44   42   28   25   36   21   37   37   48   39   32  
 39   27   41   41   29   28   32   24   33   37   45   46   37   29  
 29   35   43   42   34   25   31   29   42   29   40   41   31   37  
 26   46   37   47   38   27   27   25   28   34   46   42   30   35  
 29   34   40   45   36   36   36   25   30   35   32   39   37   34  
 25   36   40   44   39   31   37   24   26   45   45   25   41   30  
 27   45   34   42   36   20   29   23   37   41   43   41   37   33  
 28   37   25   53   29   31   28   29   23   43   37   52   49   24  
 35   30   42   57   40   29   29   25   22   38   38   36   30   37  
 34   36   37   35   39   43   24   22   22   37   53   41   37   28  
 33   35   44   40   34   28   24   21   34   45   42   37   43   28  
 25   32   46   35   35   31   39   26   25   32   52   35   41   34  
 29   32   39   43   44   32   30   29   25   44   48   33   25   35  
 28   37   48   45   52   25   19   30   32   31   45   42   28   26  
 27   40   45   39   30   27   36   30   22   40   44   40   37   31  
 34   35   37   50   36   31   29   21   29   41   36   33   37   39  
 41   33   44   58   40   36   24   32   27   36   39   25   31   22  
 35   36   29   43   31   34   25   27   34   33   52   43   37   29  
 38   27   35   49   38   35   28   26   31   33   46   33   37   32  
 36   39   39   48   28   34   35   25   17   44   45   38   34   26  
 33   36   40   46   34   26   21   34   33   50   34   33   39   29  
 34   26   35   33   36   26   32   34   26   40   55   37   43   31  
 28   29   43   42   33   33   32   39   32   33   42   49   26   27  
 29   28   50   57   31   26   31   21   27   39   46   44   33   26  
 38   44   40   45   42   25   27   34   31   27   33   43   36   23  
 36   34   43   49   30   31   30   30   34   31   44   32   27   37  
 38   42   36   41   42   26   23   29   32   37   33   49   34   26  
 44   34   36   51   40   23   30   25   25   27   46   34   36   37  
 40   35   50   38   19   33   26   27   28   42   48   48   25   29  
 31   35   49   47   35   27   32   31   19   39   40   32   34   37  
 30   31   42   29   34   29   35   25   29   37   45   55   34   33  
 35   34   56   38   36   38   31   21   28   37   41   40   32   21  
 34   39   46   45   33   35   23   33   25   34   44   29   26   42  
 37   41   41   47   23   24   28   32   29   38   34   47   25   42  
 38   36   40   45   29   34   23   34   29   43   31   41   35   30  
 31   33   34   44   43   26   26   29   41   26   44   39   37   35  
 23   38   53   44   32   27   28   26   34   35   32   38   41   37  
 28   28   51   42   30   38   30   26   34   33   49   29   43   27  
 33   37   29   46   29   32   28   25   29   38   51   39   43   29  
 37   36   38   51   38   27   23   26   36   32   42   39   29   34  
 29   28   25   45   34   39   33   25   29   37   39   49   36   40  
 29   31   45   46   36   39   21   31   31   37   41   47   24   30  
 27   45   40   39   46   37   25   25   27   31   50   28   39   29  
 27   39   45   45   29   32   37   23   27   27   46   48   31   32  
 39   38   44   32   46   34   33   21   22   31   45   45   27   31  
 32   37   46   39   42   35   27   22   31   44   39   35   26   33  
 33   38   39   52   33   34   37   33   28   27   44   39   25   26  
 39   46   42   48   28   39   37   19   31   31   38   32   31   27  
 33   33   47   40   41   24   35   19   30   38   42   43   25   38  
 34   37   45   40   36   28   34   35   26   34   34   37   33   35  
 37   36   45   53   35   27   22   32   29   43   31   35   32   31  
 25   42   31   51   38   26   26   38   31   39   42   35   35   29  
 29   38   38   42   44   23   30   35   23   35   45   43   25   38  
 34   31   41   44   33   24   29   23   35   41   37   52   32   32  
 31   36   28   50   32   32   29   31   30   32   41   44   32   40  
 30   30   38   26   39   28   38   33   29   31   49   54   29   34  
 31   30   33   49   33   36   22   26   39   24   51   48   37   29  
 27   34   47   43   35   38   31   25   32   38   34   43   36   25  
 36   38   34   48   38   23   32   26   32   35   44   42   21   39  
 39   28   46   36   38   40   26   32   30   21   41   48   32   31  
 29   29   42   31   48   28   29   27   38   35   50   39   31   32  
 38   41   30   58   37   16   33   26   35   22   42   37   42   31  
 29   42   30   38   36   20   35   24   37   36   39   48   34   40  
 31   32   31   49   40   30   26   30   29   40   45   46   26   33  
 27   40   45   45   29   29   36   28   22   35   41   42   39   30  
 18   42   45   46   30   31   45   19   34   40   32   34   34   38  
 35   35   36   46   36   17   34   25   30   32   42   61   33   26  
 33   41   34   48   39   31   34   20   25   38   36   36   33   40  
 35   34   42   46   41   26   31   35   21   31   40   41   32   33  
 29   30   41   43   48   31   35   34   26   26   33   48   37   27  
 33   35   44   41   51   22   34   29   29   35   33   30   44   28  
 27   38   34   43   43   35   33   30   32   22   46   38   34   33  
 26   41   42   39   47   31   24   34   31   36   39   39   24   35  
 34   35   38   46   25   32   35   25   27   46   37   40   32   36  
 33   32   47   37   37   29   29   41   34   31   42   32   35   29  
 43   33   38   44   33   25   29   27   26   39   58   45   25   23  
 32   39   43   45   29   26   34   24   37   33   44   32   36   34  
 34   30   38   42   36   47   23   30   27   32   44   32   40   33  
 35   38   40   46   34   36   26   27   37   33   31   42   37   26  
 30   26   49   48   34   36   22   27   36   40   35   32   41   32  
 45   33   28   43   44   33   29   31   20   31   43   54   28   26  
 20   40   27   57   32   30   20   35   27   33   58   39   40   30  
 28   33   38   51   29   32   31   36   37   24   44   35   34   36  
 28   37   35   45   32   36   30   31   29   42   43   28   43   29  
 29   37   33   48   33   28   27   25   37   41   36   43   36   35  
 29   38   34   45   34   25   28   36   33   34   38   33   45   36  
 33   33   38   41   38   35   30   27   31   35   38   38   45   26  
 26   33   50   48   33   27   19   28   20   46   51   35   40   32  
 36   29   43   51   28   31   34   20   36   41   31   40   35   33  
 36   41   44   45   36   36   33   17   31   33   37   40   32   27  
 32   34   45   39   37   24   39   23   39   36   44   32   32   32  
 31   44   37   37   39   32   29   25   33   31   47   50   30   23  
 25   41   46   35   40   30   25   31   27   48   37   43   31   29  
 34   35   44   40   41   30   34   28   19   43   32   41   38   29  
 38   44   29   28   41   27   31   33   34   34   40   43   39   27  
 23   24   46   45   29   23   33   31   22   41   48   41   40   42  
 35   40   46   52   33   30   23   29   31   34   40   36   30   29  
 30   42   39   35   26   30   33   26   28   32   38   63   30   36  
 29   30   43   36   30   25   30   39   38   31   46   38   38   35  
 34   48   39   42   43   28   24   29   25   36   41   38   31   30  
 29   30   41   34   36   27   31   29   27   39   44   41   47   33  
 42   35   37   51   30   24   30   32   29   34   35   43   38   28  
 37   34   41   47   37   31   44   25   23   24   44   36   36   29  
 33   38   33   48   43   27   28   22   31   31   50   43   31   30  
 32   41   44   46   39   23   26   29   34   26   49   38   36   25  
 32   39   37   31   43   37   33   29   36   31   47   36   29   28  
 27   39   29   36   34   31   32   25   30   36   47   39   52   31  
 18   46   31   51   29   27   38   34   26   36   45   39   30   38  
 30   37   46   43   28   32   33   23   36   41   25   42   38   34  
 27   34   40   47   35   28   25   32   27   41   42   36   37   37  
 25   37   42   44   33   35   27   31   25   36   35   40   40   38  
 40   41   37   48   39   34   21   29   26   38   43   32   33   27  
 39   37   47   40   35   29   24   29   26   40   42   37   35   28  
 31   29   47   41   31   31   32   34   22   35   49   39   41   26  
 28   28   48   47   31   23   27   36   29   36   42   50   26   37  
 29   46   38   50   31   30   26   32   19   39   40   41   26   41  
 37   34   39   39   30   32   27   34   29   34   43   42   39   29  
 47   28   25   54   30   39   37   20   28   29   43   44   33   31  
 33   37   36   57   22   27   26   26   27   43   53   40   28   33  
 26   28   33   37   43   25   28   29   28   39   45   44   43   40  
 30   33   41   39   29   38   24   30   36   39   41   40   31   37  
 31   35   47   47   30   30   26   28   33   39   47   33   40   22  
 32   46   44   33   35   36   32   25   28   36   38   42   23   38  
 41   38   39   48   37   30   33   27   31   31   42   38   28   25  
 30   35   41   44   33   38   19   30   30   35   42   48   35   28  
 33   31   32   54   39   30   31   25   32   36   38   40   41   26  
 32   35   40   45   40   24   34   29   30   36   44   32   36   31  
 35   41   42   40   51   23   38   31   24   41   35   40   28   19  
 34   26   45   36   28   37   28   35   23   39   50   37   37   33  
 27   37   34   47   40   28   34   26   30   39   47   36   32   31  
 35   45   45   49   31   21   27   36   33   30   34   39   33   30  
 21   44   44   40   50   29   24   34   30   23   47   42   29   31  
 35   29   30   49   35   28   31   30   30   29   43   38   49   32  
 32   51   42   33   32   23   36   35   22   44   37   31   37   33  
 31   39   33   36   35   33   30   21   27   38   49   44   39   33  
 42   39   42   38   45   24   31   32   24   29   40   35   28   39  
 35   34   42   39   34   36   23   31   30   32   49   42   37   24  
 35   37   39   41   35   38   33   19   30   32   54   33   38   24  
 28   41   45   28   31   27   32   29   34   42   42   36   36   37  
 24   42   45   40   46   33   26   28   26   37   46   32   35   28  
 32   34   29   52   29   31   22   26   35   38   41   55   32   32  
 29   28   41   45   34   30   34   29   27   34   48   37   30   42  
 39   52   39   48   28   21   24   29   34   38   41   41   29   25  
 29   36   37   43   42   24   37   24   26   36   42   43   34   35  
 34   28   42   45   35   27   31   29   27   37   41   44   35   33  
 25   38   46   41   27   32   30   27   27   42   38   38   37   40  
 27   38   33   43   31   34   25   29   33   49   40   29   48   29  
 32   35   42   42   42   27   30   21   31   42   40   39   37   28  
 46   52   31   36   26   29   33   26   34   36   31   42   38   28  
 26   30   41   49   41   33   29   27   29   32   39   34   38   40  
 26   40   40   53   30   35   22   32   26   43   45   26   39   31  
 30   26   48   33   45   32   33   24   26   39   42   31   42   37  
 31   34   37   47   35   37   26   26   26   43   45   29   39   33  
 36   36   33   38   33   25   32   30   41   49   43   33   32   27  
 37   37   42   47   32   50   26   22   30   30   35   35   37   28  
 35   27   34   44   39   32   20   35   27   32   44   50   40   29  
 38   26   51   37   28   35   31   25   28   38   41   41   40   29  
 34   43   37   48   32   19   32   40   32   39   38   37   29   28  
 27   32   34   38   37   33   31   26   31   27   50   41   43   38  
 34   34   36   54   33   30   31   23   27   30   47   36   37   36  
 29   27   38   44   43   35   29   21   25   37   41   56   34   29  
 31   44   37   49   42   21   25   26   32   47   39   40   29   26  
 28   40   48   40   37   37   28   25   28   43   44   31   27   32  
 30   23   49   41   28   28   33   29   17   44   49   41   39   37  
 36   35   30   40   38   31   27   18   28   31   58   45   39   32  
 39   37   40   38   35   31   33   29   28   40   42   46   27   23  
 26   40   38   50   34   37   27   22   31   31   43   45   37   27  
 37   30   40   50   32   23   31   36   33   36   45   29   40   26  
 38   34   51   41   31   26   25   33   31   33   38   45   29   33  
 33   32   37   45   36   29   41   32   30   26   42   38   32   35  
 37   33   35   52   43   33   26   33   26   32   41   36   39   22  
 34   36   44   44   31   32   27   26   27   37   40   42   33   35  
 30   27   42   39   36   33   36   30   30   34   39   52   26   34  
 31   43   36   38   40   36   18   29   33   39   39   50   30   26  
 31   41   35   41   31   28   25   31   35   39   37   35   38   41  
 27   41   31   53   30   33   26   39   34   33   37   37   36   31  
 39   21   45   46   39   29   24   31   35   23   49   35   39   33  
 35   37   41   48   28   21   31   31   24   42   51   33   33   33  
 21   38   39   43   34   32   26   24   28   33   52   40   56   22  
 29   37   34   42   35   24   31   25   25   40   55   43   43   25  
 28   38   39   54   36   27   35   28   28   33   35   37   30   40  
 31   37   33   48   34   35   29   28   26   52   36   38   29   32  
 25   37   39   46   24   29   22   34   35   41   41   45   34   36  
 35   35   43   50   31   29   33   19   44   29   39   37   40   24  
 29   38   34   47   42   26   27   29   35   37   31   43   28   42  
 38   28   36   42   40   33   26   35   24   33   37   41   41   34  
 26   41   42   39   35   20   34   31   28   37   39   41   31   44  
 24   34   26   55   39   28   23   26   31   44   35   45   40   38  
 33   30   33   47   35   32   34   20   30   49   45   36   26   38  
 37   35   39   43   32   34   28   31   35   38   41   36   27   32  
 31   42   38   52   29   37   29   27   29   36   39   29   38   32  
 32   33   34   43   36   23   31   28   32   30   38   47   40   41  
 26   31   47   52   25   37   19   35   22   33   48   40   41   32  
 38   31   42   40   37   26   23   28   42   38   36   44   37   26  
 36   39   30   44   42   27   33   33   34   35   40   25   32   38  
 31   32   50   37   41   31   26   29   31   38   45   45   31   21  
 23   35   48   29   47   35   27   27   29   45   37   46   29   31  
 33   38   37   42   43   19   23   33   42   36   31   33   43   35  
 29   34   32   42   45   29   23   20   33   35   57   43   31   35  
 30   32   35   42   29   29   29   34   29   35   41   46   39   38  
 39   27   29   48   39   45   29   28   17   38   37   43   46   23  
 32   34   25   37   41   27   43   34   20   34   48   39   41   33  
 29   37   45   43   37   28   27   30   27   36   43   42   33   31  
 27   29   53   45   33   20   33   27   34   36   50   33   31   37  
 29   38   42   47   29   29   35   21   34   38   39   41   34   32  
 39   34   30   58   29   24   24   20   35   33   52   43   37   30  
 40   43   36   48   33   36   25   34   24   26   33   40   45   25  
 40   31   41   33   38   40   23   26   31   36   47   35   43   24  
 37   31   34   49   41   36   19   32   22   29   50   29   40   39  
 31   33   44   37   47   34   24   32   28   36   37   39   32   34  
 31   31   50   47   33   35   29   26   31   38   32   39   35   31  
 34   36   40   54   33   30   30   20   33   38   28   39   36   37  
 30   37   53   40   31   33   35   33   22   31   41   34   38   30  
 28   37   39   48   31   40   35   24   22   38   43   30   41   32  
 41   32   52   33   42   26   35   28   28   43   33   36   26   33  
 24   27   49   37   39   34   31   27   27   33   53   36   40   31  
 43   38   52   47   30   32   24   27   28   34   34   43   33   23  
 21   52   32   54   33   32   29   28   17   40   45   46   27   32  
 33   28   35   38   43   41   21   28   29   35   50   34   47   26  
 25   21   34   46   41   28   23   29   40   31   52   46   32   40  
 28   42   45   35   26   27   28   36   35   33   46   39   35   33  
 37   36   41   36   38   27   30   25   35   39   38   46   36   24  
 37   28   41   39   38   36   31   33   28   23   42   49   30   33  
 28   30   39   52   43   21   28   26   37   41   37   38   35   33  
 28   32   44   39   42   30   37   24   35   30   52   31   30   34  
 31   27   44   33   38   30   25   34   21   55   44   40   41   25  
 33   32   39   48   31   30   35   21   35   34   43   35   27   45  
 31   25   35   56   31   32   32   29   27   23   48   46   45   28  
 33   41   37   50   35   29   34   24   26   40   38   39   32   30  
 34   30   52   35   36   33   30   29   29   27   44   39   37   33  
 39   25   43   53   38   24   29   27   31   38   36   30   37   38  
 30   35   43   39   36   37   33   25   27   30   56   34   37   26  
 34   40   29   42   30   32   28   26   35   37   47   40   37   31  
 38   34   38   40   38   33   37   27   28   31   51   38   30   25  
 34   35   38   40   38   40   33   25   25   43   41   34   32   30  
 30   38   40   40   37   28   27   36   20   41   49   33   41   28  
 29   33   41   39   37   25   28   26   36   44   38   45   32   35  
 33   33   44   37   35   28   27   29   36   36   48   40   39   23  
 38   32   40   39   39   34   19   30   32   35   46   30   37   37  
 32   41   48   47   36   28   24   26   38   35   35   39   34   25  
 30   38   35   55   39   28   20   25   37   30   41   42   34   34  
 31   42   46   35   29   26   29   36   25   37   48   40   37   27  
 36   46   28   30   42   24   36   31   16   39   44   49   26   41  
 35   39   42   44   28   33   35   28   25   36   39   45   33   26  
 39   29   35   45   37   34   30   28   25   34   47   43   36   26  
 28   39   41   42   29   31   34   24   33   40   42   37   31   37  
 31   35   41   48   34   23   22   36   29   44   44   39   26   36  
 41   39   34   31   35   42   30   29   21   33   52   34   40   27  
 34   41   42   49   30   28   31   22   39   31   36   30   44   31  
 31   39   46   48   32   32   34   27   24   37   44   31   29   34  
 27   36   41   44   32   33   32   28   32   28   56   36   29   34  
 38   30   44   45   36   25   28   32   35   29   44   36   37   29  
 34   46   35   33   37   30   28   32   22   19   60   41   32   39  
 36   34   42   40   39   21   35   28   39   41   36   34   33   30  
 32   30   36   46   50   27   28   27   33   31   38   47   36   27  
 37   27   48   42   37   39   28   28   16   35   44   44   34   29  
 26   34   45   52   38   32   20   28   42   32   39   39   24   37  
 29   31   32   41   47   26   30   30   32   43   34   49   34   30  
 37   38   44   40   31   29   27   19   26   34   48   50   34   31  
 31   33   35   39   31   40   36   29   27   33   44   50   31   29  
 36   38   40   49   33   25   26   24   42   39   45   27   33   31  
 37   33   44   30   39   39   29   35   27   31   36   35   37   36  
 28   47   33   50   44   24   30   36   29   31   45   33   35   23  
 31   33   40   53   28   22   28   27   20   47   43   46   42   28  
 32   23   34   43   37   24   35   23   33   35   52   39   46   32  
 37   39   38   43   36   29   39   21   25   37   37   39   33   35  
 34   43   39   43   38   28   31   34   26   33   48   30   32   29  
 34   41   25   30   33   36   32   32   23   47   40   37   36   42  
 28   33   39   47   33   34   23   30   28   45   33   40   34   41  
 33   46   31   30   40   26   24   32   38   34   53   40   30   31  
 26   33   40   47   36   30   32   20   37   32   39   37   31   48  
 40   30   31   36   36   32   34   26   27   43   39   47   33   34  
 22   33   46   58   32   27   29   27   32   38   36   31   35   42  
 37   39   33   54   41   33   32   31   31   35   35   38   29   20  
 37   34   38   40   32   32   27   25   32   47   41   37   38   28  
 34   42   38   36   39   31   33   25   34   39   42   30   41   24  
 27   29   41   47   28   24   24   26   36   40   43   49   41   33  
 30   30   42   41   30   34   24   33   30   39   38   49   29   39  
 33   38   52   47   31   38   30   26   18   32   39   35   37   32  
 25   46   38   38   34   29   23   34   35   39   37   48   33   29  
 27   34   50   38   36   29   31   21   36   37   46   37   30   36  
 33   29   46   40   34   35   26   24   32   46   41   42   33   27  
 29   19   38   47   51   37   24   27   29   42   45   33   40   27  
 44   28   39   45   37   25   35   30   26   44   38   42   32   23  
 40   32   39   35   33   33   26   27   30   29   52   47   36   29  
 30   44   34   47   37   37   29   36   27   32   41   35   35   24  
 53   38   41   43   44   28   32   16   29   40   44   29   26   25  
 30   42   43   48   40   22   29   30   27   33   38   46   38   22  
 35   40   33   29   34   36   24   24   29   44   40   46   40   34  
 31   32   37   45   48   28   36   28   28   30   38   39   35   33  
 33   38   39   35   39   28   31   33   30   42   46   35   27   32  
 27   32   38   36   35   36   30   34   32   40   36   46   30   36  
 40   31   42   46   49   27   34   31   17   33   44   36   33   25  
 36   40   37   41   41   32   28   34   29   38   39   25   36   32  
 33   29   42   31   47   24   33   31   29   37   39   47   42   24  
 26   31   46   32   40   30   30   30   31   36   32   49   35   40  
 32   33   54   42   30   24   27   28   32   31   46   40   37   32  
 26   36   32   43   35   29   22   29   37   43   49   40   36   31  
 32   34   37   46   34   27   26   26   32   44   45   39   34   32  
 26   42   35   48   33   32   18   30   32   39   39   40   41   33  
 28   35   42   46   30   38   32   30   29   37   45   42   29   25  
 28   41   35   35   20   37   27   29   40   42   41   45   32   36  
 33   30   37   41   36   26   30   22   39   38   40   48   36   32  
 27   36   39   56   40   32   27   25   27   34   37   43   34   31  
 28   38   43   37   43   33   22   28   35   41   38   41   30   31  
 28   47   31   42   38   26   27   33   31   40   41   40   34   30  
 25   33   36   40   27   29   25   32   34   34   44   52   41   36  
 32   33   40   45   34   34   31   25   25   41   40   40   34   34  
 33   37   37   43   38   26   32   31   28   41   40   42   33   27  
 30   28   43   33   48   31   33   28   18   33   51   45   28   39  
 34   28   51   33   45   26   27   29   31   34   43   40   40   27  
 37   37   36   36   38   35   36   20   29   36   46   40   36   26  
 30   34   32   31   34   37   22   26   31   41   42   54   35   39  
 38   39   40   41   43   24   26   27   27   34   47   45   30   27  
 30   40   40   36   37   32   29   27   27   32   52   42   34   30  
 30   43   41   43   37   35   23   33   29   32   39   43   28   32  
 33   41   41   50   29   32   28   27   33   25   38   36   41   34  
 31   28   39   45   32   32   27   34   32   41   36   39   41   31  
 29   32   39   42   38   30   28   28   37   25   44   40   45   31  
 37   36   40   41   39   21   36   27   26   38   42   46   30   29  
 36   30   38   43   40   26   27   36   27   44   40   46   31   24  
 43   28   37   33   47   43   22   33   35   31   37   39   36   24  
 35   29   44   39   39   26   30   36   22   32   47   38   46   25  
 18   28   41   34   40   38   27   29   25   31   42   55   44   36  
 35   32   37   40   45   26   32   28   35   36   38   39   33   32  
 29   45   34   45   33   37   37   19   31   31   38   37   45   27  
 41   41   32   42   41   29   23   26   32   34   46   36   31   34  
 32   36   43   46   33   31   28   21   37   42   38   32   42   27  
 33   26   37   37   40   30   35   36   24   31   41   49   35   34  
 32   45   32   42   36   37   30   24   39   34   38   37   34   28  
 29   35   43   36   33   30   24   40   31   40   41   54   24   28  
 31   26   39   41   40   27   32   35   21   42   41   56   26   31  
 36   24   32   47   38   40   25   38   32   31   41   44   32   28  
 30   35   39   50   36   30   33   28   29   37   38   36   34   33  
 32   40   46   41   31   44   28   29   33   33   33   37   34   27  
 37   40   45   44   31   26   23   38   27   37   40   34   33   33  
 24   40   43   47   32   23   36   29   34   30   38   35   35   42  
 25   30   35   40   40   33   25   20   32   40   48   40   39   41  
 38   35   36   43   47   32   27   26   33   32   50   41   27   21  
 38   30   29   35   31   32   25   35   32   35   51   47   31   37  
 29   26   40   42   61   24   26   28   31   33   33   47   32   36  
 26   29   37   37   32   34   25   25   34   40   54   33   37   45  
 34   37   41   48   32   23   31   32   34   36   43   38   27   32  
 33   32   37   47   32   29   38   21   32   37   48   35   37   30  
 32   31   35   45   31   27   33   34   21   34   43   40   45   37  
 33   28   38   45   35   26   39   26   26   37   44   36   39   36  
 35   31   38   43   44   32   28   27   32   36   47   39   30   26  
 35   30   44   37   34   30   29   33   26   35   50   45   40   20  
 27   36   41   34   34   26   26   35   38   40   46   37   36   32  
 43   43   36   44   44   29   32   25   26   41   41   27   34   23  
 27   37   29   41   39   30   19   37   30   33   57   41   36   32  
 34   31   48   39   35   26   26   36   37   35   38   41   33   29  
 39   27   42   40   35   40   24   25   22   43   46   42   40   23  
 30   41   39   43   34   32   32   32   39   33   36   30   33   34  
 34   31   38   36   44   26   27   25   38   37   45   48   34   25  
 32   37   52   47   28   34   32   31   28   31   38   34   32   32  
 21   34   43   54   36   20   31   29   32   38   43   43   28   36  
 30   48   33   48   39   24   35   25   25   43   44   25   36   33  
 37   37   38   55   36   28   27   22   28   40   39   32   41   28  
 23   33   40   55   36   22   28   28   33   38   40   39   37   36  
 30   44   37   39   27   30   29   37   29   43   33   43   31   36  
 33   43   37   37   38   35   28   33   37   32   42   40   25   28  
 42   25   43   36   44   26   28   34   27   29   51   29   35   39  
 32   34   44   46   24   34   33   34   26   33   50   33   29   36  
 40   31   41   37   36   36   25   26   31   45   34   36   36   34  
 42   20   46   39   42   34   30   24   31   31   34   51   34   30  
 34   37   37   40   38   36   40   23   31   36   33   38   30   35  
 28   34   40   54   44   31   20   29   33   37   36   52   24   26  
 33   25   42   50   44   23   21   31   29   33   55   40   31   31  
 30   40   38   40   41   28   26   31   27   40   47   40   38   22  
 34   21   41   46   42   22   22   31   42   34   42   41   39   31  
 29   45   38   32   43   32   25   27   30   37   41   34   43   32  
 27   37   31   46   36   29   31   31   33   35   47   42   31   32  
 33   24   41   28   37   42   30   25   29   36   51   37   44   31  
 31   27   45   49   31   37   24   25   26   42   38   31   36   46  
 37   34   34   38   39   25   38   28   28   40   49   41   30   27  
 34   27   32   43   36   31   25   35   39   36   52   28   43   27  
 28   33   39   32   36   44   25   31   40   32   42   39   39   28  
 30   37   35   46   37   28   20   41   27   40   32   51   31   33  
 30   45   39   51   38   32   28   22   28   34   42   38   33   28  
 41   44   31   52   26   24   36   21   32   44   47   32   28   30  
 30   40   40   41   27   37   26   29   38   38   41   49   31   21  
 33   33   39   39   38   34   33   28   30   32   32   43   40   34  
 44   37   32   40   43   24   30   31   23   34   46   39   31   34  
 33   38   32   45   34   36   20   37   33   27   41   38   38   36  
 33   37   34   38   35   33   30   23   27   32   47   36   38   45  
 26   35   39   45   34   18   29   37   31   41   44   34   34   41  
 36   42   41   47   34   31   26   26   32   35   38   38   29   33  
 29   42   33   45   35   26   23   30   32   32   43   47   44   27  
 34   35   35   49   33   27   31   30   19   30   53   42   38   32  
 25   31   35   46   34   27   27   33   35   31   49   39   39   37  
 38   37   34   48   38   25   28   23   38   44   33   41   35   26  
 35   38   25   51   36   31   23   27   29   40   39   53   38   23  
 34   27   37   41   36   35   25   29   28   37   40   49   43   27  
 28   40   30   45   29   33   27   22   27   35   50   40   39   43  
 23   29   47   31   32   38   22   31   41   29   54   42   32   37  
 25   40   39   43   40   33   25   28   26   35   42   37   34   41  
 39   31   35   41   33   31   29   24   27   31   51   34   44   38  
 35   32   43   42   34   27   26   30   32   40   49   36   29   33  
 31   33   35   41   36   32   31   35   27   31   46   40   43   27  
 31   31   39   49   34   25   18   29   37   38   46   34   38   39  
 27   37   48   52   38   40   20   16   36   32   37   35   40   30  
 20   31   38   40   36   28   35   21   31   45   45   50   30   38  
 27   33   40   36   36   37   32   34   29   32   40   48   31   33  
 26   45   45   41   32   33   29   19   32   38   31   47   41   29  
 34   30   40   38   33   28   30   34   27   40   46   35   35   38  
 34   36   34   47   25   31   28   27   38   31   34   54   32   37  
 32   36   50   42   33   34   31   28   28   30   45   33   34   32  
 26   41   43   39   45   33   30   29   27   39   42   31   32   31  
 39   27   43   38   45   22   23   30   33   41   39   47   36   25  
 28   38   30   41   38   34   41   28   24   35   43   44   35   29  
 30   38   41   43   35   27   30   29   30   31   43   40   36   35  
 25   36   41   35   39   25   27   28   28   38   46   48   34   38  
 31   47   39   45   27   32   19   34   28   42   43   32   40   29  
 33   39   37   42   36   35   24   31   27   36   40   35   37   36  
 27   43   36   47   34   28   31   37   25   42   35   38   34   31  
 32   37   36   38   30   36   29   26   30   41   58   30   32   33  
 28   39   43   35   35   27   23   29   36   34   51   35   40   33  
 36   32   43   31   34   27   33   35   29   35   48   43   33   29  
 24   33   35   43   44   30   29   30   31   35   53   37   37   27  
 35   43   42   43   25   37   24   30   26   31   43   43   25   41  
 27   37   28   41   45   24   31   31   29   36   49   40   37   33  
 36   35   39   44   39   30   27   30   30   29   48   36   27   38  
 37   30   41   43   44   25   34   24   31   25   43   48   37   26  
 26   34   52   40   33   33   29   32   29   32   44   41   32   31  
 32   41   29   45   34   33   28   28   36   35   46   39   39   23  
 27   38   36   44   31   30   34   22   34   39   49   37   38   29  
 34   28   50   41   22   26   33   26   35   37   50   45   42   19  
 30   35   53   40   36   31   31   27   27   37   41   37   26   37  
 36   30   45   40   43   24   28   24   28   40   52   34   27   37  
 40   36   39   52   36   34   31   16   38   28   45   29   32   32  
 33   39   44   48   30   22   25   26   40   38   40   35   30   38  
 28   49   35   41   33   35   35   33   22   32   44   34   32   35  
 29   32   43   48   33   28   32   25   32   33   42   46   35   30  
 34   26   39   57   29   36   29   31   29   48   37   33   38   22  
 29   28   35   36   33   27   28   32   29   46   38   46   45   36  
 30   30   41   45   33   25   28   25   30   41   41   41   39   39  
 27   37   39   50   39   34   29   22   33   37   48   29   37   27  
 30   39   35   49   28   31   29   29   39   42   37   35   37   28  
 34   29   47   38   35   32   26   27   31   40   40   42   35   32  
 33   40   46   40   36   29   29   29   30   36   38   33   32   37  
 29   32   44   47   36   33   30   29   29   26   44   37   36   36  
 23   33   44   51   34   28   29   24   33   39   40   35   39   36  
 30   29   40   56   45   22   29   26   32   34   42   37   41   25  
 35   43   45   36   39   24   24   35   21   37   37   47   41   24  
 25   36   33   51   30   31   29   31   24   42   39   39   44   34  
 35   33   34   53   32   21   22   35   31   38   47   36   38   33  
 29   31   47   37   29   30   28   27   26   40   43   47   32   42  
 31   37   35   39   39   26   23   25   42   36   47   43   30   35  
 36   32   41   49   42   30   34   22   24   36   40   36   40   26  
 24   49   31   43   46   28   27   36   25   26   50   38   35   30  
 42   30   38   41   46   33   32   30   25   27   40   40   34   30  
 25   39   35   47   31   28   36   24   24   36   57   50   28   28  
 32   41   34   39   39   21   27   27   42   35   46   37   32   36  
 32   43   42   36   34   37   27   27   31   39   41   41   24   34  
 38   36   48   30   42   22   24   32   33   38   40   43   32   30  
 33   37   42   30   32   42   37   29   26   33   39   40   41   27  
 36   42   40   36   36   40   24   28   33   37   35   41   28   32  
 28   32   46   40   36   27   23   33   27   46   37   38   32   43  
 38   33   45   43   34   35   26   39   25   31   45   31   32   31  
 32   35   39   42   38   21   38   27   29   31   51   36   37   32  
 32   34   52   28   33   35   32   30   22   37   50   38   23   42  
 27   30   36   46   39   24   26   39   33   43   34   44   34   33  
 29   33   45   42   42   25   32   22   28   31   46   36   39   38  
 36   36   39   34   35   30   28   30   28   33   46   38   36   39  
 27   38   41   38   45   34   33   31   28   30   43   34   30   36  
 34   38   41   40   31   23   29   33   32   27   43   46   38   33  
 28   32   38   40   45   30   28   27   27   31   48   39   40   35  
 28   41   33   43   40   30   30   28   26   35   46   42   33   33  
 34   28   40   51   38   19   24   29   35   43   37   44   35   31  
 35   33   34   50   35   26   32   31   28   36   39   35   29   45  
 37   40   40   30   33   34   31   27   31   37   38   37   37   36  
 36   27   44   49   40   31   28   31   30   35   35   37   39   26  
 27   26   44   55   40   28   29   23   33   36   37   43   33   34  
 30   39   33   41   29   29   30   27   30   43   47   30   42   38  
 31   28   38   52   26   28   38   33   18   34   45   36   48   33  
 23   42   34   39   31   36   37   23   33   43   44   35   22   46  
 28   33   41   44   39   33   26   28   36   29   37   38   38   38  
 27   28   38   37   46   26   33   24   31   35   47   42   42   32  
 24   43   41   47   43   30   24   31   27   32   45   40   35   26  
 37   31   26   40   30   28   30   31   27   46   50   42   37   33  
 37   30   38   45   42   33   28   30   25   34   48   34   32   32  
 35   35   34   51   42   28   25   23   32   30   50   32   31   40  
 36   41   56   43   40   36   22   22   30   29   41   34   30   28  
 40   37   34   49   24   30   28   35   33   35   43   36   35   29  
 41   27   42   34   33   25   33   32   29   32   50   40   40   30  
 31   32   42   45   32   27   31   34   24   37   36   45   43   29  
 38   36   43   40   30   22   26   32   34   46   37   34   31   39  
 25   32   41   43   36   30   28   30   32   43   38   44   30   36  
 32   32   33   42   42   39   28   28   31   38   36   41   43   23  
 26   37   39   48   46   27   35   24   35   29   37   36   38   31  
 41   27   42   48   41   41   25   32   33   33   32   35   33   25  
 23   39   49   40   42   27   24   25   26   42   46   41   34   30  
 32   25   49   43   26   29   17   42   34   34   51   41   32   33  
 29   44   43   40   41   24   29   29   36   36   44   34   36   23  
 27   31   39   44   32   28   34   33   30   33   38   44   39   36  
 29   43   46   39   38   28   32   32   22   35   37   30   41   36  
 25   41   38   40   39   28   29   35   35   36   36   42   34   30  
 26   39   38   37   34   24   26   30   24   40   51   49   28   42  
 34   49   41   41   29   32   35   34   36   29   33   36   27   32  
 42   30   41   46   25   28   25   28   40   28   39   56   32   28  
 27   53   40   32   37   30   29   36   20   35   56   38   25   30  
 32   30   32   44   36   23   36   37   26   41   45   35   37   34  
 34   41   36   40   29   31   30   25   40   33   49   40   28   32  
 20   34   53   38   47   32   31   32   30   26   49   38   28   30  
 36   27   35   47   35   30   34   26   25   43   41   44   34   31  
 41   40   47   36   32   38   25   37   26   40   43   23   28   32  
 29   31   43   46   37   24   39   23   34   38   33   44   32   35  
 30   33   39   36   31   39   24   28   29   44   50   37   38   30  
 26   29   36   37   48   31   31   38   27   27   40   44   38   36  
 37   25   50   50   31   20   24   30   37   35   43   36   41   29  
 21   36   45   46   25   30   27   23   46   37   39   42   38   33  
 39   37   32   45   35   36   28   30   31   38   39   33   34   31  
 36   27   54   44   33   35   24   25   32   32   41   34   38   33  
 27   36   52   37   50   37   28   27   22   26   51   40   28   27  
 35   35   41   40   32   28   27   27   32   42   48   43   28   30  
 20   28   33   47   51   28   27   30   23   36   57   42   33   33  
 32   26   41   56   35   28   30   24   23   38   38   35   49   33  
 24   41   29   42   37   33   23   28   36   39   53   40   32   31  
 28   33   49   46   33   29   28   23   32   35   50   36   35   31  
 37   38   36   35   32   26   29   28   31   50   43   41   31   31  
 26   38   35   46   33   31   30   24   37   41   36   48   30   33  
 31   37   43   34   39   20   25   37   41   30   46   42   28   35  
 27   37   40   51   37   29   29   26   23   36   31   49   37   36  
 29   37   59   37   37   30   25   30   31   35   36   34   38   30  
 25   44   43   54   39   22   32   40   31   23   38   37   27   33  
 24   30   26   40   39   25   28   34   34   35   52   49   37   35  
 32   34   38   43   35   32   29   29   23   44   50   40   31   28  
 35   35   38   33   42   37   29   35   25   37   44   28   38   32  
 36   54   41   33   36   25   30   24   29   36   40   50   30   24  
 34   39   42   47   35   32   38   25   23   35   37   46   37   18  
 33   28   39   41   40   31   25   29   30   39   46   44   33   30  
 30   37   34   41   33   23   41   22   41   40   38   36   37   35  
 33   33   40   51   38   34   22   33   34   26   50   33   25   36  
 25   33   40   48   39   30   25   34   27   30   48   48   21   40  
 30   34   34   40   32   32   35   26   20   38   39   47   39   42  
 24   43   44   41   50   25   28   23   26   31   46   39   35   33  
 32   38   30   52   39   23   25   22   38   31   48   35   41   34  
 34   36   42   31   27   46   26   28   24   40   46   49   24   35  
 25   48   30   48   45   29   34   30   25   39   41   37   27   30  
 28   27   51   44   33   28   32   24   39   36   41   41   39   25  
 31   38   40   43   37   28   20   35   39   30   46   33   33   35  
 21   43   36   39   30   25   30   28   36   41   39   52   34   34  
 23   36   44   34   38   33   25   31   25   31   40   43   39   46  
 26   38   40   40   30   33   22   27   39   54   36   39   38   26  
 32   36   36   40   41   27   31   27   29   33   40   42   39   35  
 27   30   47   39   37   26   23   32   37   46   45   33   38   28  
 35   34   42   45   38   29   26   18   33   42   41   39   34   32  
 40   30   45   48   35   24   30   26   28   47   35   43   29   28  
 30   40   41   38   35   37   39   22   34   30   37   45   32   28  
 33   44   39   39   36   36   38   27   25   39   29   41   28   34  
 34   38   41   30   39   33   21   33   34   28   42   41   45   29  
 31   29   47   39   23   25   27   32   35   37   64   36   35   28  
 28   40   29   49   51   23   29   33   20   35   41   44   31   35  
 24   37   36   40   39   26   32   25   27   38   50   44   36   34  
 31   44   34   39   38   35   24   25   29   35   43   40   42   29  
 31   43   38   45   45   29   29   27   27   29   33   45   33   34  
 35   35   48   42   47   29   30   35   38   29   34   33   27   26  
 32   28   40   37   34   32   29   35   32   37   42   41   35   34  
 35   43   44   39   36   29   32   35   29   39   39   39   20   29  
 30   40   40   37   27   38   27   35   26   31   56   42   28   31  
 32   25   29   37   36   24   31   28   37   49   40   43   34   43  
 33   38   37   39   30   17   41   30   33   31   44   42   49   24  
 30   27   39   41   38   40   20   30   35   34   39   37   47   31  
 29   39   39   39   41   37   27   26   26   33   41   46   32   33  
 21   33   50   38   34   25   32   25   30   43   54   33   32   38  
 32   33   33   49   23   41   25   28   35   35   37   42   36   39  
 41   40   38   40   44   31   24   43   22   29   40   42   25   29  
 37   42   37   43   43   28   31   36   25   28   36   47   36   19  
 31   27   41   40   28   30   36   33   33   38   45   34   36   36  
 31   34   43   38   42   24   27   32   24   50   43   32   34   34  
 33   33   34   38   40   17   33   30   41   36   52   31   32   38  
 38   31   41   39   43   33   21   37   31   34   45   30   35   30  
 23   43   31   32   33   30   29   38   30   34   43   45   38   39  
 34   46   35   44   27   31   24   36   29   41   41   46   24   30  
 29   35   36   41   33   33   28   29   23   44   41   47   40   29  
 33   34   40   35   40   28   33   23   32   35   43   33   47   32  
 30   36   37   45   30   27   34   29   28   32   37   53   31   39  
 28   33   28   54   35   27   30   26   30   27   51   41   43   35  
 32   37   43   47   38   30   27   33   20   34   42   43   33   29  
 30   38   45   37   33   30   29   34   30   39   42   44   32   25  
 36   38   43   37   35   29   29   32   33   34   39   41   28   34  
 36   38   36   46   31   27   32   41   28   40   43   32   30   28  
 29   39   34   43   47   36   23   29   28   43   40   37   33   27  
 27   36   36   45   36   30   24   31   43   37   45   33   31   34  
 39   40   37   38   39   27   28   32   27   38   42   36   34   31  
 36   29   40   44   31   22   26   33   31   32   45   46   42   31  
 35   36   39   30   34   29   30   33   35   30   51   37   31   38  
 21   30   39   52   40   27   30   27   29   36   38   28   55   36  
 24   30   39   38   32   34   22   34   31   38   50   45   26   45  
 28   30   49   44   32   41   26   24   27   32   38   48   35   34  
 28   37   43   45   36   25   33   26   22   38   47   41   37   30  
 34   41   36   53   39   33   25   27   27   41   33   37   32   30  
 36   28   38   50   40   26   27   32   32   33   37   34   42   33  
 34   40   33   48   34   39   33   26   25   45   33   39   39   20  
 42   25   44   65   28   27   26   29   28   37   39   43   23   32  
 32   36   41   36   36   36   30   24   35   46   39   43   27   27  
 23   35   50   50   41   26   27   36   34   28   42   36   37   23  
 30   32   46   45   31   25   35   32   29   36   43   41   30   33  
 38   29   35   46   31   34   30   36   28   25   41   33   33   49  
 28   24   41   53   34   25   33   35   31   31   43   36   34   40  
 32   41   35   42   37   25   26   38   27   44   29   40   48   24  
 31   47   36   39   48   35   35   20   25   31   43   43   29   26  
 32   33   44   46   38   33   26   33   27   32   37   40   30   37  
 43   32   32   41   34   27   27   36   26   34   41   39   44   32  
 27   35   41   42   30   33   33   28   40   29   42   41   34   33  
 28   42   45   36   24   26   22   29   37   49   44   35   41   30  
 33   32   35   42   43   27   24   30   32   49   45   38   31   27  
 28   36   39   40   38   29   30   25   35   46   49   30   33   30  
 33   25   44   43   36   21   30   31   33   34   35   49   36   38  
 33   37   42   46   36   36   22   31   31   34   33   37   36   34  
 29   24   58   33   29   25   34   22   42   38   47   38   39   30  
 23   29   49   42   30   33   36   24   33   32   38   43   36   40  
 25   43   27   36   39   25   27   27   33   36   41   46   45   38  
 32   38   39   42   46   35   33   27   32   30   37   42   24   31  
 28   42   42   52   32   32   31   27   40   41   24   34   27   36  
 35   27   46   41   36   31   22   22   32   37   45   43   37   34  
 34   44   39   45   31   26   25   31   32   40   49   45   28   19  
 27   43   37   48   41   31   31   21   25   36   41   43   30   34  
 42   31   43   35   45   29   28   29   24   43   53   32   27   27  
 31   33   42   40   36   31   32   24   27   41   34   39   38   40  
 37   35   41   45   43   25   34   29   28   34   44   36   27   30  
 32   36   44   49   29   27   22   36   33   26   40   40   41   33  
 29   38   44   42   45   37   24   30   27   30   38   45   30   29  
 33   28   41   36   34   35   25   27   20   39   61   36   40   33  
 35   33   42   42   29   33   27   30   31   39   50   35   30   32  
 26   38   39   57   45   25   27   30   29   27   34   47   33   31  
 34   32   42   40   45   26   24   26   28   22   42   36   52   39  
 32   41   32   40   35   24   29   27   37   38   42   38   38   35  
 31   30   35   46   23   32   32   22   42   33   42   44   34   42  
 39   35   29   39   42   30   29   24   35   37   48   42   35   24  
 29   28   45   38   37   28   28   26   34   26   49   44   41   35  
 35   35   38   45   38   32   31   27   30   43   33   45   25   31  
 40   36   39   37   46   23   27   25   26   40   42   40   36   31  
 29   39   42   41   32   34   27   31   34   31   46   43   31   28  
 23   32   42   41   35   28   27   37   27   43   42   44   39   28  
 26   29   40   51   48   17   26   32   33   30   45   44   33   34  
 27   28   40   45   36   29   38   29   27   33   36   47   37   36  
 30   39   35   39   35   45   26   19   26   37   44   44   39   30  
 39   29   43   53   37   28   28   21   29   40   33   43   35   30  
 31   43   49   45   42   26   18   29   23   43   36   38   28   37  
 36   21   44   42   34   33   33   20   33   39   35   41   41   36  
 34   33   44   45   30   32   35   26   19   41   36   41   42   30  
 35   28   40   44   24   38   24   24   36   40   43   40   40   32  
 28   27   39   47   34   37   31   31   26   37   40   40   41   30  
 27   36   35   36   27   26   25   34   36   39   46   41   43   37  
 27   39   44   42   33   37   24   30   22   32   44   44   35   35  
 21   38   40   43   40   28   32   23   35   39   45   39   37   28  
 28   37   60   44   32   28   33   24   34   37   34   39   35   23  
 29   32   42   44   37   35   36   24   26   34   44   37   39   29  
 36   39   34   42   39   27   21   24   30   50   45   32   35   34  
 35   33   52   38   40   23   25   23   35   28   34   40   38   44  
 29   34   44   36   27   29   19   42   29   40   34   44   50   31  
 30   38   45   42   26   32   28   23   33   38   50   38   33   32  
 35   33   27   48   31   25   32   42   28   33   43   51   25   35  
 30   31   33   46   37   37   24   27   28   36   40   50   29   40  
 35   37   30   42   34   31   28   29   34   37   39   44   34   34  
 34   31   44   44   39   22   33   29   29   31   48   37   36   31  
 32   40   34   44   42   27   31   28   26   36   42   41   31   34  
 24   38   34   45   41   26   35   32   31   28   44   33   38   39  
 32   36   29   55   48   28   25   25   32   27   49   35   29   38  
 24   42   44   49   35   30   20   30   25   40   44   40   33   32  
 37   35   35   42   47   32   29   22   27   33   36   42   39   32  
 26   31   44   46   44   39   27   32   29   24   45   33   39   29  
 34   30   38   44   40   38   24   23   33   38   41   39   33   33  
 28   39   46   35   38   26   31   28   32   28   39   41   48   29  
 33   31   27   41   40   28   26   25   36   34   51   48   41   27  
 31   35   40   36   26   37   27   22   41   32   49   40   40   32  
 36   42   37   37   30   29   25   28   36   40   43   39   35   31  
 27   28   38   39   32   31   32   24   38   29   55   39   36   40  
 27   33   51   45   31   34   26   34   27   34   47   30   34   35  
 28   29   45   52   34   29   35   27   28   38   36   44   28   35  
 33   34   32   43   36   39   28   25   32   37   49   36   32   32  
 30   39   46   34   27   34   22   33   44   28   52   41   33   25  
 30   43   41   40   37   33   28   29   31   28   39   39   36   34  
 34   33   42   35   43   24   29   30   39   41   37   46   29   26  
 33   34   38   43   35   36   26   27   26   39   43   44   35   29  
 26   40   38   34   34   35   34   24   24   39   41   45   31   43  
 37   35   43   45   37   37   21   23   23   39   33   46   36   33  
 31   29   37   46   37   28   26   34   26   32   47   50   33   32  
 33   32   41   23   36   32   28   37   26   42   45   36   37   40  
 26   27   36   52   27   38   25   38   27   32   45   40   43   32  
 34   41   33   37   35   28   28   35   37   36   37   36   39   32  
 30   31   44   41   32   24   33   28   37   42   33   46   36   31  
 22   40   35   40   31   21   33   33   36   43   42   34   48   30  
 40   41   41   50   38   24   33   21   27   35   44   34   29   31  
 43   39   52   40   32   32   20   34   25   40   37   29   27   38  
 35   28   52   50   31   26   30   30   32   30   47   37   32   28  
 35   26   35   57   41   34   30   30   25   29   34   36   44   32  
 35   35   52   40   29   25   22   36   22   38   44   49   34   27  
 36   36   41   52   41   25   22   23   31   32   44   39   37   29  
 39   30   41   40   30   23   32   26   31   40   52   40   30   34  
 38   34   30   43   37   31   27   37   37   38   41   33   31   31  
 26   46   44   38   36   31   26   30   32   30   50   39   34   26  
 31   27   51   52   29   28   31   31   36   34   46   42   24   26  
 38   41   40   39   39   30   32   27   24   38   44   43   27   26  
 32   30   36   34   40   24   30   32   39   30   58   40   25   38  
 28   33   37   41   36   35   34   19   24   35   40   63   35   28  
 30   37   40   40   41   30   34   35   26   26   45   38   44   22  
 39   35   39   59   28   33   28   28   28   35   41   31   35   29  
 23   30   39   53   32   38   27   29   22   41   50   29   37   38  
 26   37   48   41   32   33   25   30   33   27   40   47   34   35  
 32   31   37   51   36   28   34   25   24   28   46   46   40   30  
 32   37   40   38   35   31   38   23   24   36   36   55   27   36  
 27   37   47   39   23   25   32   38   31   39   47   33   35   35  
 37   39   41   50   29   24   38   24   31   44   40   35   32   24  
 32   36   39   59   38   23   27   34   22   50   35   39   32   22  
 40   34   43   45   31   34   31   23   33   31   42   37   36   28  
 33   30   34   49   29   31   36   37   31   39   41   33   31   34  
 41   40   41   41   31   22   23   32   33   38   49   34   28   35  
 35   27   41   37   40   23   27   40   30   32   50   48   33   25  
 28   31   45   37   31   39   26   25   33   36   35   42   28   52  
 31   33   36   37   39   34   28   33   24   40   47   40   35   31  
 36   27   30   37   38   26   30   26   30   40   49   48   39   32  
 34   35   38   37   38   31   31   21   33   44   47   38   39   22  
 27   30   38   39   41   23   32   33   32   40   50   36   37   30  
 28   35   45   36   35   33   31   28   28   52   38   43   35   21  
 29   35   46   35   33   32   22   26   28   53   40   38   33   38  
 27   39   39   37   37   27   34   34   27   37   41   47   37   25  
 35   31   34   44   36   25   33   25   32   39   45   38   32   39  
 32   34   35   50   48   25   31   26   38   37   32   43   31   26  
 38   31   48   47   36   32   29   27   25   36   40   39   30   30  
 42   33   47   43   38   25   23   34   23   29   41   37   34   39  
 26   35   37   37   34   25   29   38   35   42   44   35   34   37  
 38   37   53   44   34   25   29   20   31   34   44   32   40   27  
 35   34   39   43   30   27   30   35   29   39   36   41   35   35  
